2010,12,7,1300,30.3,81.7,2,3
2010,12,7,1400,32.1,74.7,1,2
2010,12,7,1600,25.6,86.2,1,3
2010,12,7,1700,23.3,87.1,1,3
2010,12,7,1800,23.4,86.5,2,3
2010,12,7,1900,23.5,85.9,3,4
2010,12,7,2000,22.3,85.6,4,7
2010,12,7,2100,23.4,83.1,2,4
2010,12,7,2200,23.5,87.8,3,5
2010,12,7,2300,24.4,86.4,1,1
2010,12,8,0,25,82.1,4,8
2010,12,8,100,24.5,86.7,3,4
2010,12,8,200,25.8,81.3,4,6
2010,12,8,300,24.3,84.4,1,1
2010,12,8,400,23.8,87.4,2,4
2010,12,8,500,25.1,81.1,1,4
2010,12,8,600,23.3,83.7,2,4
2010,12,8,700,23.9,81.5,2,7
2010,12,8,800,27.8,72.8,2,4
2010,12,8,900,28.9,72,1,3
2010,12,8,1000,36,52.7,7,13
2010,12,8,1100,40.9,43.4,7,15
2010,12,8,1200,40.1,48.7,7,12
2010,12,8,1300,38,53,5,15
2010,12,8,1300,40.1,49.6,4,13
2010,12,8,1400,39.8,50.2,5,11
2010,12,8,1400,39.9,51.8,6,15
2010,12,8,1500,38.1,56.2,5,11
2010,12,8,1500,38.7,55,4,11
2010,12,8,1600,38.6,55.1,5,16
2010,12,8,1600,38.9,54.8,3,8
2010,12,8,1700,37.9,55.9,2,5
2010,12,8,1700,38.1,56.4,4,17
2010,12,8,1800,37.3,61.2,3,5
2010,12,8,1800,38,57.5,2,12
2010,12,8,1900,33.6,84.2,2,4
2010,12,8,1900,35.6,71.2,3,9
2010,12,8,2000,32.9,86.6,2,10
2010,12,8,2000,33.6,79,4,9
2010,12,8,2100,32.4,83.3,3,4
2010,12,8,2100,33,82.9,2,9
2010,12,8,2200,32.7,83.2,1,6
2010,12,8,2200,33.8,75.7,2,6
2010,12,8,2300,32.6,79.9,2,3
2010,12,8,2300,33.9,75.4,2,7
2010,12,9,0,32.7,78.3,2,3
2010,12,9,0,33.2,76.6,2,4
2010,12,9,100,32.8,75.3,2,5
2010,12,9,100,32.8,77.9,1,6
2010,12,9,200,31,90.9,4,6
2010,12,9,200,31.5,87.5,2,9
2010,12,9,300,31.1,86.8,1,3
2010,12,9,300,31.1,88.4,2,6
2010,12,9,400,30.7,90.4,2,5
2010,12,9,400,31.4,85.6,1,7
2010,12,9,500,30.6,88.8,2,5
2010,12,9,500,30.7,87.3,1,2
2010,12,9,600,29.9,85.2,1,2
2010,12,9,600,30.8,83.8,1,5
2010,12,9,700,30.9,76.1,2,11
2010,12,9,700,31,73.1,3,6
2010,12,9,800,31.1,68.2,2,6
2010,12,9,800,31.4,69.2,2,10
2010,12,9,900,32,64,4,14
2010,12,9,900,32.4,62.4,10,17
2010,12,9,1000,32.4,62,6,18
2010,12,9,1000,33.1,60.4,5,11
2010,12,9,1100,33.8,55.9,6,19
2010,12,9,1100,34.4,54.3,5,9
2010,12,9,1200,35.3,50.2,6,21
2010,12,9,1200,36.1,47.2,2,6
2010,12,9,1300,35.9,47.6,5,14
2010,12,9,1400,35,44.3,7,15
2010,12,9,1400,35.6,43.1,7,24
2010,12,9,1500,34.6,45.6,9,25
2010,12,9,1500,34.7,52.4,9,17
2010,12,9,1600,34.3,45.5,6,11
2010,12,9,1600,34.6,46.3,6,20
2010,12,9,1700,34.2,47,6,24
2010,12,9,1700,34.6,46.7,7,18
2010,12,9,1800,33.9,46.8,5,16
2010,12,9,1800,34.5,46.3,7,22
2010,12,9,1900,33.8,47.1,7,23
2010,12,9,1900,33.9,45.9,5,11
2010,12,9,2000,33.8,45.3,7,24
2010,12,9,2000,34.5,42.9,6,12
2010,12,9,2100,33.8,44.9,6,10
2010,12,9,2100,34.1,43.6,5,16
2010,12,9,2200,34,44.4,7,18
2010,12,9,2200,34.4,43.4,4,8
2010,12,9,2300,32.9,46.2,3,8
2010,12,9,2300,33.7,44.7,4,20
2010,12,10,0,31,48.1,2,5
2010,12,10,0,31.7,49,3,8
2010,12,10,100,32,45.2,5,17
2010,12,10,100,33.2,41.5,6,14
2010,12,10,200,31.8,47,7,16
2010,12,10,200,32.1,45.9,5,19
2010,12,10,300,31.4,49.6,1,4
2010,12,10,300,31.6,48.4,6,23
2010,12,10,400,31.5,49.3,3,12
2010,12,10,400,32.1,50.6,1,3
2010,12,10,500,31.5,58.9,2,14
2010,12,10,500,33.7,54.6,8,16
2010,12,10,600,30.4,88.1,5,11
2010,12,10,600,32.1,74.2,4,16
2010,12,10,700,29.2,90.6,3,5
2010,12,10,700,30.2,87,3,11
2010,12,10,800,29.6,80.2,4,14
2010,12,10,800,29.8,73.5,2,4
2010,12,10,900,29,66.8,3,6
2010,12,10,900,29.3,73,6,21
2010,12,10,1000,29.4,59.8,4,12
2010,12,10,1100,29.2,51.5,5,10
2010,12,10,1100,29.4,52.8,4,13
2010,12,10,1200,29,55.8,3,12
2010,12,10,1300,28.8,55.8,6,12
2010,12,10,1400,29.1,52.4,4,13
2010,12,10,1500,28.9,55.9,4,9
2010,12,10,1600,28.2,63.2,4,8
2010,12,10,1700,27.5,67.5,1,5
2010,12,10,1800,26.4,75,2,6
2010,12,10,1900,26.8,66.5,2,7
2010,12,10,2000,26.5,64.6,1,6
2010,12,10,2100,26,65.7,2,6
2010,12,10,2200,24.4,73.6,1,4
2010,12,10,2300,24.9,66.6,2,6
2010,12,11,0,24.5,66.9,2,7
2010,12,11,100,22.8,75.1,1,5
2010,12,11,200,24.5,62.9,2,8
2010,12,11,300,24.9,60.3,3,10
2010,12,11,400,24.6,61.4,2,7
2010,12,11,500,23,65.9,2,8
2010,12,11,600,21.2,67.1,2,11
2010,12,11,700,22.2,63.9,3,13
2010,12,11,800,23.3,59.9,2,8
2010,12,11,900,23.3,64.9,2,7
2010,12,11,1000,26.1,57.7,4,19
2010,12,11,1100,25.7,57.5,5,15
2010,12,11,1200,25.6,55.4,5,19
2010,12,11,1300,26.3,51.2,5,21
2010,12,11,1400,26.7,47.5,3,20
2010,12,11,1500,27.4,48.3,4,15
2010,12,11,1600,27.5,48.3,2,8
2010,12,11,1700,26.6,52.4,2,7
2010,12,11,1800,23.5,64.2,1,3
2010,12,11,1900,21.3,70.5,2,6
2010,12,11,2000,21.4,72.3,1,4
2010,12,11,2100,22.7,67.7,2,9
2010,12,11,2200,24.8,60.3,3,13
2010,12,11,2300,24.8,68.5,1,4
2010,12,12,0,23.9,77.5,1,2
2010,12,12,100,23,82.1,1,4
2010,12,12,200,23,85.2,1,5
2010,12,12,300,23.8,85.1,1,4
2010,12,12,400,23.7,88.1,1,6
2010,12,12,500,25,88.7,1,5
2010,12,12,600,27.4,89.2,2,7
2010,12,12,700,31.3,85.6,2,10
2010,12,12,800,33.7,82.3,3,8
2010,12,12,900,37.4,73.6,3,14
2010,12,12,1000,38.2,74.5,2,10
2010,12,12,1100,41,65.2,2,9
2010,12,12,1200,44.5,56.6,4,17
2010,12,12,1300,45.2,54.4,4,18
2010,12,12,1400,45.3,53,6,16
2010,12,12,1500,45,53.1,8,22
2010,12,12,1600,45.3,49.4,9,29
2010,12,12,1700,45.2,47.5,6,24
2010,12,12,1800,45.1,44.8,6,25
2010,12,12,1900,45.1,42.7,5,16
2010,12,12,2000,44.1,42.7,3,12
2010,12,12,2100,43.8,43,5,16
2010,12,12,2200,43,44.2,5,13
2010,12,12,2300,42.8,44.2,4,11
2010,12,13,0,41.5,48.4,4,13
2010,12,13,100,42.7,43.3,5,13
2010,12,13,200,42.3,45.1,6,21
2010,12,13,300,42.4,45.5,7,23
2010,12,13,400,42.1,46.4,5,19
2010,12,13,500,42,47.4,4,13
2010,12,13,600,40.4,50,2,8
2010,12,13,700,41.9,43.2,3,10
2010,12,13,800,41.8,43.5,3,10
2010,12,13,900,40.2,51.9,3,13
2010,12,13,1000,36.5,75,4,12
2010,12,13,1100,36.7,76.8,6,23
2010,12,13,1200,38,74.3,5,17
2010,12,13,1300,40.5,63.9,5,17
2010,12,13,1400,41.3,60.8,4,10
2010,12,13,1500,40.6,62.3,2,9
2010,12,13,1600,40.8,59.7,4,18
2010,12,13,1700,40.7,59.5,3,13
2010,12,13,1800,40.6,59.7,5,19
2010,12,13,1900,40.6,57.9,6,21
2010,12,13,2000,40.4,57.2,3,13
2010,12,13,2100,37.8,66.2,1,7
2010,12,13,2200,36.1,73.8,2,6
2010,12,13,2300,36.1,74.3,1,6
2010,12,14,0,36.1,69.6,2,7
2010,12,14,100,34.4,72.7,1,9
2010,12,14,200,40.2,53.4,4,15
2010,12,14,300,41.9,48.6,5,14
2010,12,14,400,39.2,59.5,5,17
2010,12,14,500,37.2,65.6,4,22
2010,12,14,600,39.4,59.6,3,11
2010,12,14,700,39.8,56.2,4,13
2010,12,14,800,37.4,63.1,3,13
2010,12,14,900,36,65.6,2,7
2010,12,14,1000,38.1,60.5,3,8
2010,12,14,1100,39.1,58.7,3,11
2010,12,14,1200,39.8,58.3,4,18
2010,12,14,1300,38.9,66.9,6,27
2010,12,14,1400,35.6,78.7,6,16
2010,12,14,1500,35.1,79.7,4,16
2010,12,14,1600,34.2,81.5,5,24
2010,12,14,1700,29.7,87.5,8,20
2010,12,14,1800,30.3,82.3,3,12
2010,12,14,1900,30.4,78.3,3,13
2010,12,14,2000,29,81.2,4,10
2010,12,14,2100,28.3,80.9,2,8
2010,12,14,2200,28.3,71.7,4,11
2010,12,14,2300,27.2,67.2,4,16
2010,12,15,0,25.9,60.2,5,15
2010,12,15,100,24.3,69.9,1,7
2010,12,15,200,21.1,77,2,7
2010,12,15,300,18.7,77.4,3,8
2010,12,15,400,16.9,80.1,3,7
2010,12,15,500,18.7,79,2,6
2010,12,15,600,21.1,71.4,2,8
2010,12,15,700,22.6,63.4,1,5
2010,12,15,800,21.7,68.1,2,5
2010,12,15,900,23.3,57.7,3,10
2010,12,15,1000,23.5,55.4,3,16
2010,12,15,1100,23.8,54.2,2,6
2010,12,15,1200,24.8,51.1,1,7
2010,12,15,1300,24.9,52.9,3,10
2010,12,15,1400,25.4,51.4,2,10
2010,12,15,1500,25.9,46.9,2,8
2010,12,15,1600,24.6,50.2,5,20
2010,12,15,1700,23.5,56.5,6,20
2010,12,15,1800,23.6,50.1,5,17
2010,12,15,1900,23.3,51,4,14
2010,12,15,2000,23.5,48.5,2,11
2010,12,15,2100,22.8,53.1,2,5
2010,12,15,2200,20.5,57.5,2,16
2010,12,15,2300,20.7,53.4,3,10
2010,12,16,0,18.4,59.1,3,11
2010,12,16,100,14,68,4,7
2010,12,16,200,12.3,72,3,7
2010,12,16,300,11.9,74.9,3,7
2010,12,16,400,13.3,74.6,3,6
2010,12,16,500,15.6,73.5,2,6
2010,12,16,600,16.4,72.6,3,9
2010,12,16,700,18.3,65.2,5,18
2010,12,16,800,18.6,63.2,4,15
2010,12,16,900,17.4,64.5,2,9
2010,12,16,1000,18.3,64.3,1,8
2010,12,16,1100,20.4,62.3,3,11
2010,12,16,1200,21.1,61,4,16
2010,12,16,1300,21,58.5,7,16
2010,12,16,1400,20.6,59.5,9,20
2010,12,16,1500,20.5,58.4,6,13
2010,12,16,1600,16.2,65.2,4,8
2010,12,16,1700,12.8,72.1,2,6
2010,12,16,1800,9.9,75.5,2,5
2010,12,16,1900,8.2,77.5,2,5
2010,12,16,2000,7.3,77.9,3,6
2010,12,16,2100,7.5,74.9,3,6
2010,12,16,2200,7.6,73.8,4,6
2010,12,16,2300,8.2,73.9,3,6
2010,12,17,0,9.1,73.9,3,6
2010,12,17,100,8.6,74.8,3,6
2010,12,17,200,7.9,74.6,3,5
2010,12,17,300,6.6,77.7,3,5
2010,12,17,400,5.8,80.8,3,6
2010,12,17,500,5.5,82.9,2,5
2010,12,17,600,6.8,80.4,4,6
2010,12,17,700,5.7,81.5,3,5
2010,12,17,800,4.6,81.9,3,5
2010,12,17,900,3.8,82.7,2,4
2010,12,17,1000,9,77.4,1,6
2010,12,17,1100,15.8,62.4,2,7
2010,12,17,1200,17.1,55.1,3,7
2010,12,17,1300,17.6,52.8,3,8
2010,12,17,1400,17,53,2,8
2010,12,17,1500,17.7,49.5,2,5
2010,12,17,1600,15,55.4,1,7
2010,12,17,1700,9.6,66.6,1,4
2010,12,17,1800,5.1,73,1,3
2010,12,17,1900,3.5,74.4,2,5
2010,12,17,2000,2,76.8,2,4
2010,12,17,2100,-0.2,78.9,1,3
2010,12,17,2200,-0.9,80.1,1,3
2010,12,17,2300,-2.4,79.2,1,2
2010,12,18,0,-2.9,79,1,2
2010,12,18,100,-3.1,79,1,3
2010,12,18,200,-1.8,79.1,1,3
2010,12,18,300,-1.5,80.6,1,2
2010,12,18,400,-1,80.7,2,4
2010,12,18,500,-1.1,80.2,1,6
2010,12,18,600,-1.2,79,2,6
2010,12,18,700,-2.4,79.6,1,3
2010,12,18,800,-2,77.9,1,2
2010,12,18,900,-2.4,77.8,1,2
2010,12,18,1000,1.6,77.5,1,1
2010,12,18,1100,6.1,77.6,1,3
2010,12,18,1200,11.4,75.7,2,5
2010,12,18,1300,12.2,73.4,3,6
2010,12,18,1400,12.2,74.2,3,7
2010,12,18,1500,11.4,77.1,2,5
2010,12,18,1600,11.1,78,2,4
2010,12,18,1700,10.8,78.9,1,5
2010,12,18,1800,8,81.1,1,5
2010,12,18,1900,8.9,81.5,1,4
2010,12,18,2000,9,82,1,3
2010,12,18,2100,9.9,82.1,1,3
2010,12,18,2200,9.5,82.5,1,3
2010,12,18,2300,10.5,84.2,2,6
2010,12,19,0,11.7,83.8,1,3
2010,12,19,100,13.7,84.9,1,3
2010,12,19,200,11.9,84.2,1,5
2010,12,19,300,13.2,86.5,1,5
2010,12,19,400,15.2,85.5,1,4
2010,12,19,500,16.6,85.7,1,4
2010,12,19,600,20.8,81.3,5,14
2010,12,19,700,22.1,76.8,7,18
2010,12,19,800,18.3,85.9,2,9
2010,12,19,900,17.9,85.6,1,4
2010,12,19,1000,20.3,82.9,1,6
2010,12,19,1100,24,77.5,1,2
2010,12,19,1200,26,76.9,1,3
2010,12,19,1300,25.2,78.9,2,5
2010,12,19,1400,24.4,77.3,2,7
2010,12,19,1500,24.3,77.1,2,5
2010,12,19,1600,23.1,78.8,2,6
2010,12,19,1700,19.8,82.6,3,8
2010,12,19,1800,17.5,83.5,3,9
2010,12,19,1900,14.1,83.7,4,8
2010,12,19,2000,12.6,84.1,3,10
2010,12,19,2100,11.5,82.5,3,8
2010,12,19,2200,10.4,82.6,3,11
2010,12,19,2300,10.6,81.3,3,9
2010,12,20,0,10.9,80.2,2,7
2010,12,20,100,10.4,80.4,3,9
2010,12,20,200,9.6,82.2,2,9
2010,12,20,300,8.6,83.1,1,6
2010,12,20,400,9.2,84.3,2,9
2010,12,20,500,19.5,76.1,4,19
2010,12,20,600,22.6,65.8,3,13
2010,12,20,700,23.5,63.2,2,11
2010,12,20,800,23.6,60.8,2,7
2010,12,20,900,24.6,55.6,4,15
2010,12,20,1000,26.5,51.4,4,14
2010,12,20,1100,26.3,50.4,6,19
2010,12,20,1200,26.8,49,7,25
2010,12,20,1300,28,44.6,4,17
2010,12,20,1400,28,43.4,5,13
2010,12,20,1500,27.7,43.3,5,12
2010,12,20,1600,27.2,43.6,3,14
2010,12,20,1700,23.2,50.7,2,8
2010,12,20,1800,18.7,60,3,6
2010,12,20,1900,17.3,62.5,2,7
2010,12,20,2000,14.5,68.9,2,5
2010,12,20,2100,13.6,70.8,4,7
2010,12,20,2200,12.6,72.3,3,7
2010,12,20,2300,12,74.2,2,6
2010,12,21,0,11.1,75.6,3,5
2010,12,21,100,11.5,73.8,4,8
2010,12,21,200,11.7,74.4,4,7
2010,12,21,300,10.8,76.8,3,6
2010,12,21,400,10.7,77.7,3,6
2010,12,21,500,10.6,80,3,5
2010,12,21,600,10.3,79.8,2,4
2010,12,21,700,9.8,80.1,2,5
2010,12,21,800,10,79.8,3,6
2010,12,21,900,11.4,78.1,1,4
2010,12,21,1000,14.9,72.5,1,3
2010,12,21,1100,19.1,66.4,1,2
2010,12,21,1200,23.5,57.2,1,3
2010,12,21,1300,25.5,53.7,2,5
2010,12,21,1400,23.6,55.9,1,2
2010,12,21,1500,25.6,56.2,1,3
2010,12,21,1600,21.4,60.4,2,5
2010,12,21,1700,17.7,64.9,2,4
2010,12,21,1800,16.2,65.6,3,5
2010,12,21,1900,13.6,71.7,3,6
2010,12,21,2000,12.9,73.3,3,5
2010,12,21,2100,13,73.3,2,5
2010,12,21,2200,13.8,73.5,1,4
2010,12,21,2300,15.6,74.4,3,5
2010,12,22,0,16,75.7,3,5
2010,12,22,100,15.9,76.1,2,4
2010,12,22,200,16.3,77,2,4
2010,12,22,300,16.2,77.1,2,4
2010,12,22,400,16.1,77.5,1,3
2010,12,22,500,16.8,78.7,1,3
2010,12,22,600,18.5,78,2,4
2010,12,22,700,19.1,79.2,2,4
2010,12,22,800,19.7,78.7,2,4
2010,12,22,900,19.7,79.4,1,2
2010,12,22,1000,20.4,77.2,1,2
2010,12,22,1100,25,68.9,1,5
2010,12,22,1200,29.4,61.2,2,5
2010,12,22,1300,30.2,57.3,2,6
2010,12,22,1400,30,57.8,1,6
2010,12,22,1500,30.3,59.1,1,2
2010,12,22,1600,27.7,66,1,3
2010,12,22,1700,25.4,71.1,2,4
2010,12,22,1800,24.1,75.4,2,5
2010,12,22,1900,24.7,75.4,2,4
2010,12,22,2000,25,76.7,1,3
2010,12,22,2100,25.6,77.2,1,1
2010,12,22,2200,26.4,77.6,1,2
2010,12,22,2300,27.1,78.3,1,2
2010,12,23,0,0,0,0,0
2010,12,23,100,0,0,0,0
2010,12,23,200,0,0,0,0
2010,12,23,300,0,0,0,0
2010,12,23,400,0,0,0,0
2010,12,23,500,0,0,0,0
2010,12,23,600,0,0,0,0
2010,12,23,700,0,0,0,0
2010,12,23,800,24.3,94.2,2,5
2010,12,23,900,25.1,93.4,1,3
2010,12,23,1000,25.9,90.2,1,5
2010,12,23,1100,29.5,86.3,1,5
2010,12,23,1200,31,81.3,2,5
2010,12,23,1300,31.5,79,2,6
2010,12,23,1400,32.4,75.1,2,6
2010,12,23,1500,32.1,72.4,2,9
2010,12,23,1600,33.1,62.7,3,12
2010,12,23,1700,30.3,71.3,3,8
2010,12,23,1800,27.7,76.9,1,5
2010,12,23,1900,25,77.4,2,5
2010,12,23,2000,22.9,78.9,2,8
2010,12,23,2100,22.1,77.4,3,8
2010,12,23,2200,21.5,77.6,2,7
2010,12,23,2300,22.2,79.2,2,6
2010,12,24,0,21.5,82.3,1,5
2010,12,24,100,19.7,84.3,2,6
2010,12,24,200,18.7,77.3,2,9
2010,12,24,300,19.1,83.8,2,9
2010,12,24,400,19.5,85.2,2,5
2010,12,24,500,20.6,83.1,1,5
2010,12,24,600,19.6,84.5,2,6
2010,12,24,700,18.1,85.3,2,7
2010,12,24,800,16.9,85.2,2,6
2010,12,24,900,17.6,82.3,1,5
2010,12,24,1000,21.5,75.7,1,2
2010,12,24,1100,26.8,63.8,1,5
2010,12,24,1200,29,59.5,2,7
2010,12,24,1300,30.6,58,3,7
2010,12,24,1400,31.6,55.7,2,7
2010,12,24,1500,30.5,58.7,1,3
2010,12,24,1600,27.1,66.7,1,3
2010,12,24,1700,25,69.2,2,6
2010,12,24,1800,23.5,70.4,1,3
2010,12,24,1900,22.3,71.7,2,5
2010,12,24,2000,21.9,74,2,5
2010,12,24,2100,21.5,75.1,2,6
2010,12,24,2200,21.1,75.5,2,6
2010,12,24,2300,23.1,69.6,2,6
2010,12,25,0,23.4,69.1,2,5
2010,12,25,100,23.5,69.4,1,4
2010,12,25,200,25.2,66.4,2,6
2010,12,25,300,25.9,67,3,5
2010,12,25,400,26.7,65.1,3,6
2010,12,25,500,24.6,67.4,3,6
2010,12,25,600,26.5,61.4,1,5
2010,12,25,700,26.7,62.2,3,8
2010,12,25,800,26.9,61.4,4,7
2010,12,25,900,25,65.2,3,5
2010,12,25,1000,28.3,59.5,1,4
2010,12,25,1100,32.7,52.7,1,5
2010,12,25,1200,38.5,37.9,2,10
2010,12,25,1300,41.8,30.7,3,11
2010,12,25,1400,42.4,31.6,2,8
2010,12,25,1500,42.3,32.2,2,7
2010,12,25,1600,35.9,45.8,3,6
2010,12,25,1700,30.8,54.8,4,8
2010,12,25,1800,29.7,52.5,4,7
2010,12,25,1900,29.7,53.4,4,7
2010,12,25,2000,32.1,48.7,4,8
2010,12,25,2100,35.2,40.6,3,7
2010,12,25,2200,36.2,40.1,3,9
2010,12,25,2300,34,49.2,2,7
2010,12,26,0,30.3,55.5,3,6
2010,12,26,100,32,52.6,3,6
2010,12,26,100,32,52.8,3,6
2010,12,26,200,28.6,51,3,6
2010,12,26,300,30.7,57.1,2,4
2010,12,26,400,32.6,51.3,3,6
2010,12,26,500,32.3,53.4,3,8
2010,12,26,600,33.2,47.1,2,8
2010,12,26,700,40.6,27.2,3,9
2010,12,26,800,41,26.1,2,8
2010,12,26,900,39.7,30.1,3,9
2010,12,26,1000,42.1,29.2,3,16
2010,12,26,1100,43.6,31.7,4,13
2010,12,26,1200,42.7,34.7,6,21
2010,12,26,1300,41.2,36.9,7,22
2010,12,26,1400,40.6,40.4,6,21
2010,12,26,1500,39.3,49.6,8,25
2010,12,26,1600,37.4,58,7,25
2010,12,26,1700,35.5,61.8,7,22
2010,12,26,1800,34.4,62.5,7,19
2010,12,26,1900,32.7,67,8,22
2010,12,26,2000,29.8,81.2,3,17
2010,12,26,2100,30.6,68.3,7,19
2010,12,26,2200,30.8,59.3,7,17
2010,12,26,2300,30.2,55.2,9,23
2010,12,27,0,30,51.1,8,22
2010,12,27,100,29.2,53.9,8,23
2010,12,27,200,24.7,88.5,7,17
2010,12,27,300,25.5,76.7,5,19
2010,12,27,400,25.2,68.8,6,19
2010,12,27,500,24.8,60.3,5,14
2010,12,27,600,24.4,55.9,6,25
2010,12,27,700,24.2,52.7,8,35
2010,12,27,800,24.8,45.8,4,17
2010,12,27,900,24.8,49.8,6,19
2010,12,27,1000,26.6,48.7,6,19
2010,12,27,1100,26.3,52.9,10,43
2010,12,27,1200,26.7,51.1,8,29
2010,12,27,1300,26.1,55.3,7,26
2010,12,27,1400,26.1,51.7,7,22
2010,12,27,1500,26.1,47.9,6,20
2010,12,27,1600,25.8,44.6,6,23
2010,12,27,1700,25.1,47.5,7,32
2010,12,27,1800,24.9,49.9,11,29
2010,12,27,1900,25.4,48.5,10,29
2010,12,27,2000,25.5,48,10,32
2010,12,27,2100,25.7,47.8,10,29
2010,12,27,2200,25.9,44.8,7,20
2010,12,27,2300,25.4,44.3,6,18
2010,12,28,0,23.3,51,5,18
2010,12,28,100,21.9,54.9,3,10
2010,12,28,200,25.1,45.8,4,13
2010,12,28,300,26.6,45,5,16
2010,12,28,400,29.2,45.1,4,15
2010,12,28,500,29.6,48.2,4,12
2010,12,28,600,30,50.4,4,15
2010,12,28,700,30.4,51.6,6,30
2010,12,28,800,30.5,52.5,5,16
2010,12,28,900,31.2,53.1,6,21
2010,12,28,1000,31.9,52.1,6,24
2010,12,28,1100,33.4,50.3,5,16
2010,12,28,1200,33.8,50.5,5,15
2010,12,28,1300,33.8,51.9,3,13
2010,12,28,1400,33.5,53.9,5,16
2010,12,28,1500,33.3,53.9,5,12
2010,12,28,1600,31.8,60.1,4,14
2010,12,28,1700,29.8,72.5,2,8
2010,12,28,1800,29.3,81.2,4,10
2010,12,28,1900,29.9,79.9,4,12
2010,12,28,2000,31.1,69.5,5,17
2010,12,28,2100,31.9,63.4,3,14
2010,12,28,2200,33.1,56.3,4,14
2010,12,28,2300,30.1,65.6,4,11
2010,12,29,0,28.1,71.3,3,8
2010,12,29,100,28.1,71.6,2,6
2010,12,29,200,28,73.8,2,7
2010,12,29,300,28.1,75.6,1,5
2010,12,29,400,27.1,85.2,1,2
2010,12,29,500,26.7,87.8,1,1
2010,12,29,600,26.6,88.7,2,5
2010,12,29,700,26.6,89.1,3,7
2010,12,29,800,26.5,90.7,1,5
2010,12,29,900,26.7,89.8,1,5
2010,12,29,1000,27.1,88.8,1,4
2010,12,29,1100,27.9,87.8,1,5
2010,12,29,1200,28.7,87.5,2,5
2010,12,29,1300,29.7,85.9,3,8
2010,12,29,1400,26.5,84.7,4,8
2010,12,29,1500,22.6,82.4,3,7
2010,12,29,1600,19.3,81.8,2,6
2010,12,29,1700,14.9,81.3,3,6
2010,12,29,1800,12.4,80.2,3,8
2010,12,29,1900,10.9,80.5,1,6
2010,12,29,2000,10.1,81,1,4
2010,12,29,2100,8.7,81.1,2,4
2010,12,29,2200,8.3,78.5,1,4
2010,12,29,2300,6.9,78.4,1,4
2010,12,30,0,5.7,77.9,1,4
2010,12,30,100,5.1,77,1,5
2010,12,30,200,4.4,78.8,1,3
2010,12,30,300,4.1,79,1,2
2010,12,30,400,3.9,78,1,6
2010,12,30,500,3.8,76.5,1,3
2010,12,30,600,3.3,74.4,1,3
2010,12,30,700,2.6,76.1,1,5
2010,12,30,800,1,75.1,1,4
2010,12,30,900,0.5,74.1,1,3
2010,12,30,1000,1,71.1,1,5
2010,12,30,1100,1.3,70.4,2,5
2010,12,30,1200,2.7,66,2,7
2010,12,30,1300,2.7,66.7,2,5
2010,12,30,1400,2.9,67.7,1,5
2010,12,30,1500,3.3,64.9,2,6
2010,12,30,1600,0.6,71.7,2,6
2010,12,30,1700,-2.4,73.5,2,5
2010,12,30,1800,-3.7,75.6,1,4
2010,12,30,1900,-3.9,73.9,2,7
2010,12,30,2000,-3.9,72.7,1,4
2010,12,30,2100,-4,72.8,1,3
2010,12,30,2200,-4,72.2,1,4
2010,12,30,2300,-4.5,74.5,1,3
2010,12,31,0,-5,73.2,2,5
2010,12,31,100,-4.7,73.8,2,4
2010,12,31,200,-4.6,72.8,1,3
2010,12,31,300,-5.1,73.8,1,3
2010,12,31,400,-5.2,74.2,1,3
2010,12,31,500,-5.2,74.6,1,2
2010,12,31,600,-5.9,76.6,1,1
2010,12,31,700,-6.3,74.6,1,1
2010,12,31,800,-7.5,73.5,1,2
2010,12,31,900,-8.5,73,1,3
2010,12,31,1000,-6.5,73.2,1,3
2010,12,31,1100,-4.2,71.8,2,8
2010,12,31,1200,-3.4,71.4,3,8
2010,12,31,1300,-3,73.5,4,8
2010,12,31,1400,-2.8,74.7,3,8
2010,12,31,1500,-3.8,75.3,3,7
2010,12,31,1600,-5.7,76.5,2,6
2010,12,31,1700,-6.6,76.2,3,8
2010,12,31,1800,-7.5,76.1,3,10
2010,12,31,1900,-6.9,73.5,3,11
2010,12,31,2000,-7.8,74.1,3,9
2010,12,31,2100,-7.6,74.6,2,8
2010,12,31,2200,-5.7,73.8,3,10
2010,12,31,2300,-5.6,74.2,3,9
2011,1,1,0,-5.7,77.7,3,9
2011,1,1,100,-6.2,79.1,5,19
2011,1,1,200,-6.3,80.6,4,11
2011,1,1,300,-5.6,82.1,4,11
2011,1,1,400,-4.7,82.4,4,15
2011,1,1,500,-4.4,83.4,4,15
2011,1,1,600,-3.3,83.2,3,12
2011,1,1,700,-1.9,83.2,5,21
2011,1,1,800,0.2,81.2,9,25
2011,1,1,900,0.9,78.9,11,27
2011,1,1,1000,1,80,9,28
2011,1,1,1100,3.7,77.5,6,26
2011,1,1,1200,5.6,73.8,5,18
2011,1,1,1300,6.9,72.6,5,20
2011,1,1,1400,6.9,73.3,5,23
2011,1,1,1500,5.9,73.7,5,19
2011,1,1,1600,6.9,70.6,6,17
2011,1,1,1700,6.6,72,5,19
2011,1,1,1800,4.6,74.9,4,11
2011,1,1,1900,6.3,71.7,3,10
2011,1,1,2000,5.7,74.3,2,12
2011,1,1,2100,7,73.3,3,11
2011,1,1,2200,9.2,71.6,6,17
2011,1,1,2300,13,68.8,6,20
2011,1,2,0,17,67,5,17
2011,1,2,100,17.6,74.6,7,27
2011,1,2,200,18.4,73.7,5,20
2011,1,2,300,17.8,73.1,4,19
2011,1,2,400,17.7,71.1,5,17
2011,1,2,500,14.2,74.3,3,14
2011,1,2,600,16.5,70.8,3,16
2011,1,2,700,18,64,4,22
2011,1,2,800,17.4,76.6,5,18
2011,1,2,900,17.4,77.7,3,13
2011,1,2,1000,17.1,77.5,2,6
2011,1,2,1100,18.6,73.1,3,14
2011,1,2,1200,17.7,73.2,4,14
2011,1,2,1300,16.1,78.3,2,8
2011,1,2,1400,16.6,78.9,2,8
2011,1,2,1500,17.8,78.4,5,12
2011,1,2,1600,18.4,73.1,5,15
2011,1,2,1700,18.3,70.8,5,14
2011,1,2,1800,17.7,73,6,15
2011,1,2,1900,17.6,71,5,15
2011,1,2,2000,17.7,71.2,6,15
2011,1,2,2100,17.8,69.6,6,16
2011,1,2,2200,18.5,70.4,5,18
2011,1,2,2300,18.8,69.5,3,10
2011,1,3,0,19,69.8,5,15
2011,1,3,100,18.7,71.9,4,16
2011,1,3,200,17.9,74.7,5,15
2011,1,3,300,17.4,76.9,5,12
2011,1,3,400,16.8,77.4,5,13
2011,1,3,500,17.2,71.2,6,16
2011,1,3,600,16.9,71.1,6,18
2011,1,3,700,15.7,75.2,7,17
2011,1,3,800,15.8,72.9,6,18
2011,1,3,900,16,73.4,5,17
2011,1,3,1000,15.6,75.8,5,18
2011,1,3,1100,16.6,72.6,7,20
2011,1,3,1200,17.5,70.5,10,33
2011,1,3,1300,17.5,71,9,30
2011,1,3,1400,17.3,71.1,6,19
2011,1,3,1500,18.5,65.5,7,21
2011,1,3,1600,16.4,71.3,6,21
2011,1,3,1700,13.7,76.2,3,14
2011,1,3,1800,11.5,78.4,2,9
2011,1,3,1900,10,81.4,2,10
2011,1,3,2000,9.3,83.8,2,8
2011,1,3,2100,7.9,83.3,2,9
2011,1,3,2200,6.4,83.2,1,5
2011,1,3,2300,9.2,83.9,2,11
2011,1,4,0,9.6,83.6,3,14
2011,1,4,100,10,82.4,3,12
2011,1,4,200,11,79,2,12
2011,1,4,300,12,76.8,3,10
2011,1,4,400,11.4,79.1,3,13
2011,1,4,500,10.6,81.7,4,13
2011,1,4,600,9.8,83.2,3,17
2011,1,4,700,11,79.7,5,27
2011,1,4,800,21.3,55.3,9,25
2011,1,4,900,14.9,67.8,5,16
2011,1,4,1000,14,71.6,5,15
2011,1,4,1100,13.9,72.5,4,12
2011,1,4,1200,18.3,64.5,5,21
2011,1,4,1300,24.8,51.8,6,23
2011,1,4,1400,23.1,57.1,6,16
2011,1,4,1500,26.7,51.9,6,17
2011,1,4,1600,25.8,57.9,8,33
2011,1,4,1700,26.3,58.6,8,39
2011,1,4,1800,26.3,58.9,8,29
2011,1,4,1900,24.8,73.8,8,27
2011,1,4,2000,24.7,79.8,11,27
2011,1,4,2100,25.2,80.1,7,27
2011,1,4,2200,25.6,79.8,7,20
2011,1,4,2300,25.4,80.4,9,32
2011,1,5,0,25.5,80.5,11,48
2011,1,5,100,26.1,76.8,8,23
2011,1,5,200,26.8,71.9,6,29
2011,1,5,300,27,72.3,6,18
2011,1,5,400,26.4,80.4,5,17
2011,1,5,500,25.2,87,5,16
2011,1,5,600,24.9,84,8,29
2011,1,5,700,26.2,74,8,29
2011,1,5,800,26.3,76.4,8,28
2011,1,5,900,25.8,80,8,15
2011,1,5,1000,27.7,66,6,21
2011,1,5,1100,28.4,65.2,6,20
2011,1,5,1200,28.6,66.4,7,25
2011,1,5,1300,27.8,72,14,52
2011,1,5,1400,29.2,67.3,9,32
2011,1,5,1500,30.7,62.7,6,21
2011,1,5,1600,31.2,61.5,7,15
2011,1,5,1700,30.9,62.1,6,23
2011,1,5,1800,29.8,73,4,16
2011,1,5,1900,30,72,3,13
2011,1,5,2000,31,67.4,6,17
2011,1,5,2100,31.3,68.7,4,14
2011,1,5,2200,31.7,68.9,5,20
2011,1,5,2300,32.6,65.8,6,17
2011,1,6,0,33.3,61.3,7,23
2011,1,6,100,33.4,60.6,7,21
2011,1,6,200,34,60.5,7,21
2011,1,6,300,34.6,61.1,5,17
2011,1,6,400,34.6,62,5,18
2011,1,6,500,35,62,5,15
2011,1,6,600,35.6,61.5,7,27
2011,1,6,700,36.2,62.6,7,32
2011,1,6,800,37.3,62.9,7,26
2011,1,6,900,38.4,61.7,3,12
2011,1,6,1000,39.4,60.6,3,10
2011,1,6,1100,40.5,58.2,3,15
2011,1,6,1200,41,57.8,4,13
2011,1,6,1300,41,58.4,4,11
2011,1,6,1400,40.7,60.5,4,11
2011,1,6,1500,41.1,60.5,4,12
2011,1,6,1600,40.4,62.3,4,12
2011,1,6,1700,39.8,63.5,4,11
2011,1,6,1800,39.5,63.7,4,12
2011,1,6,1900,38.9,67.3,3,10
2011,1,6,2000,37.9,71.3,4,15
2011,1,6,2100,37.7,71.2,3,12
2011,1,6,2200,34.9,84.3,3,9
2011,1,6,2300,35.1,82.3,3,14
2011,1,7,0,35.1,83.7,1,7
2011,1,7,100,35.3,82.2,3,14
2011,1,7,200,35.5,80.2,4,12
2011,1,7,300,36,76.8,4,13
2011,1,7,400,36,76.9,3,11
2011,1,7,500,35.7,77.6,4,11
2011,1,7,600,34.2,80.2,2,9
2011,1,7,700,35.3,77.6,3,10
2011,1,7,800,35.1,78.2,3,9
2011,1,7,900,33.7,81.9,2,8
2011,1,7,1000,34.6,80.9,1,6
2011,1,7,1100,36.1,73,1,3
2011,1,7,1200,37,74.9,1,4
2011,1,7,1300,37,74.8,1,6
2011,1,7,1400,36.7,77.6,1,5
2011,1,7,1500,36.5,84.4,2,5
2011,1,7,1600,36.5,84.8,1,5
2011,1,7,1700,35.6,87.3,2,7
2011,1,7,1800,35.6,87.3,2,7
2011,1,7,1900,35.5,88.7,2,6
2011,1,7,2000,35.6,86.2,4,13
2011,1,7,2100,35.4,85.6,3,10
2011,1,7,2200,34.1,89.8,2,5
2011,1,7,2300,33.5,91.4,3,6
2011,1,8,0,35,82.9,3,10
2011,1,8,100,35.3,81.6,3,15
2011,1,8,200,33.9,87.6,3,7
2011,1,8,300,34.2,84.6,2,9
2011,1,8,400,36.2,69.4,4,16
2011,1,8,500,34.5,79.6,2,10
2011,1,8,600,32.6,84.6,2,9
2011,1,8,700,32.2,86.7,2,6
2011,1,8,800,31.9,86.2,2,6
2011,1,8,900,32.1,83.5,2,8
2011,1,8,1000,31.1,84.9,5,15
2011,1,8,1100,30.1,80.3,6,15
2011,1,8,1200,24.7,69.2,11,23
2011,1,8,1300,24.8,59.7,7,19
2011,1,8,1400,22.8,71.9,6,21
2011,1,8,1500,22.2,71.3,5,15
2011,1,8,1600,22.2,58.9,5,18
2011,1,8,1700,21.6,57.8,3,12
2011,1,8,1800,20.2,72.8,2,7
2011,1,8,1900,19.3,51.6,5,12
2011,1,8,2000,18.4,52.1,4,13
2011,1,8,2100,17.2,54.5,5,16
2011,1,8,2200,16.1,58.5,4,10
2011,1,8,2300,16,59.8,5,16
2011,1,9,0,16,62.7,3,11
2011,1,9,100,13.1,72.1,2,6
2011,1,9,200,10.1,77.7,1,6
2011,1,9,300,9.4,77.6,2,8
2011,1,9,400,7.9,80,3,9
2011,1,9,500,7.4,79.9,2,6
2011,1,9,600,6.6,78.7,2,6
2011,1,9,700,5.3,78.2,1,4
2011,1,9,800,4.1,78.2,2,5
2011,1,9,900,4,76.9,1,4
2011,1,9,1000,4.4,75.8,2,5
2011,1,9,1100,5.4,74.6,1,4
2011,1,9,1200,8.4,71.5,2,5
2011,1,9,1300,9.2,75.6,3,7
2011,1,9,1400,8.4,75.6,3,7
2011,1,9,1500,5.8,71.1,3,6
2011,1,9,1600,4.3,70.1,2,7
2011,1,9,1700,2.4,72.4,3,7
2011,1,9,1800,0.5,72.9,2,7
2011,1,9,1900,-0.6,73.6,2,7
2011,1,9,2000,-1,73.7,2,8
2011,1,9,2100,-1.3,73.8,2,6
2011,1,9,2200,-2.2,72.9,2,6
2011,1,9,2300,-3.6,71.4,2,6
2011,1,10,0,-4.8,72.8,2,8
2011,1,10,100,-5.7,72,1,7
2011,1,10,200,-6,72.7,1,4
2011,1,10,300,-6.4,71.5,1,4
2011,1,10,400,-7.2,73.8,1,3
2011,1,10,500,-9.3,73.9,1,4
2011,1,10,600,-10.4,74.9,2,5
2011,1,10,700,-7.3,75.8,1,4
2011,1,10,800,-6.9,74.7,1,7
2011,1,10,900,-7.2,76.2,2,9
2011,1,10,1000,-4.8,75.7,2,11
2011,1,10,1100,-3.3,69.6,4,14
2011,1,10,1200,-2.1,66.1,2,7
2011,1,10,1300,-2.2,70.7,4,12
2011,1,10,1400,-3.1,73.9,4,9
2011,1,10,1500,-1.7,72.1,4,9
2011,1,10,1600,-1.8,71.6,3,8
2011,1,10,1700,-3.6,72,2,5
2011,1,10,1800,-6.3,74.6,1,5
2011,1,10,1900,-8.7,74.1,1,6
2011,1,10,2000,-8.8,74.1,2,5
2011,1,10,2100,-11.2,73.7,2,7
2011,1,10,2200,-11.4,74.5,2,6
2011,1,10,2300,-10.9,75.3,3,10
2011,1,11,0,-10.3,74.5,3,9
2011,1,11,100,-10.5,75.2,2,6
2011,1,11,200,-8,76,2,5
2011,1,11,300,-5.8,75.1,2,5
2011,1,11,400,-4.9,75.1,1,5
2011,1,11,500,-4.6,75.4,1,3
2011,1,11,600,-3.5,75.9,1,5
2011,1,11,700,-3.1,77.4,1,4
2011,1,11,800,-4.5,76.4,1,3
2011,1,11,900,-4.3,77.7,1,5
2011,1,11,1000,-0.7,74.6,1,3
2011,1,11,1100,3.4,70.4,1,2
2011,1,11,1200,6.8,67,2,8
2011,1,11,1300,9.2,64.4,3,7
2011,1,11,1400,8,66,2,6
2011,1,11,1500,8.6,67.3,1,3
2011,1,11,1600,7,73.7,3,7
2011,1,11,1700,3.9,80.3,2,5
2011,1,11,1800,2,82.3,1,4
2011,1,11,1900,1.7,81,2,5
2011,1,11,2000,2.3,81,2,4
2011,1,11,2100,2.3,81.5,2,6
2011,1,11,2200,4.2,82.2,1,4
2011,1,11,2300,5.3,81.8,1,5
2011,1,12,0,6.9,80.6,1,4
2011,1,12,100,7.6,81,1,4
2011,1,12,200,8.1,80.3,1,4
2011,1,12,300,8.9,79.7,1,5
2011,1,12,400,8.6,81.9,2,6
2011,1,12,500,8.5,81,3,7
2011,1,12,600,8.9,79.8,2,7
2011,1,12,700,11,80.4,1,6
2011,1,12,800,13.7,79.2,2,6
2011,1,12,900,15.8,74.4,2,6
2011,1,12,1000,19.9,69.3,2,8
2011,1,12,1100,22,68.2,3,9
2011,1,12,1200,23.1,68,3,11
2011,1,12,1300,25.8,65.7,3,11
2011,1,12,1400,26.7,64.2,2,5
2011,1,12,1500,30.8,61.1,5,16
2011,1,12,1600,0,0,0,0
2011,1,12,1700,34.6,56.8,5,20
2011,1,12,1800,34.5,57,7,21
2011,1,12,1900,34.7,57,5,21
2011,1,12,2000,34.5,60.6,6,27
2011,1,12,2100,34.8,62.1,7,23
2011,1,12,2200,35.2,60,7,22
2011,1,12,2300,35.3,59.5,8,23
2011,1,13,0,35.6,57.9,8,25
2011,1,13,100,35.9,58,8,24
2011,1,13,200,36,57.7,7,23
2011,1,13,300,36.2,57.6,6,19
2011,1,13,400,36.2,57,5,20
2011,1,13,500,36.5,56,4,14
2011,1,13,600,36.3,55.5,4,16
2011,1,13,700,36.5,55.9,3,14
2011,1,13,800,36.9,56.2,4,13
2011,1,13,900,37.4,55.4,6,25
2011,1,13,1000,39.4,51.5,5,18
2011,1,13,1100,39.7,50.9,6,27
2011,1,13,1200,39.8,50.2,7,18
2011,1,13,1300,39.8,51.3,6,21
2011,1,13,1400,39.9,52.9,7,31
2011,1,13,1500,40,52.6,7,20
2011,1,13,1600,39.7,53.2,6,17
2011,1,13,1700,38.5,57.9,4,13
2011,1,13,1800,37.7,60.5,2,9
2011,1,13,1900,37.7,60.7,2,6
2011,1,13,2000,37.4,61.9,4,17
2011,1,13,2100,37.6,61.9,5,21
2011,1,13,2200,37.6,61.9,4,19
2011,1,13,2300,37.1,62.2,3,12
2011,1,14,0,37.5,61,4,13
2011,1,14,100,37.3,60.9,3,10
2011,1,14,200,37.4,59.6,5,19
2011,1,14,300,37.6,58.3,5,19
2011,1,14,400,37.6,59.4,5,16
2011,1,14,500,37.5,61.5,6,20
2011,1,14,600,37.7,60.8,7,21
2011,1,14,700,38,58.4,7,25
2011,1,14,800,37.8,58.8,7,27
2011,1,14,900,37.9,58.6,5,20
2011,1,14,1000,38.1,58.3,4,18
2011,1,14,1100,38.5,56.7,5,16
2011,1,14,1200,38.8,56.3,5,14
2011,1,14,1300,39.5,54.8,5,20
2011,1,14,1400,39.4,54.4,5,18
2011,1,14,1500,39.1,52.9,5,14
2011,1,14,1600,39.1,52.8,5,16
2011,1,14,1700,39,52.6,9,28
2011,1,14,1800,39.2,51.9,6,24
2011,1,14,1900,39.1,53.4,3,14
2011,1,14,2000,40.1,53.6,6,29
2011,1,14,2100,40.6,54.8,8,31
2011,1,14,2200,40.5,56.1,7,23
2011,1,14,2300,40.4,57,3,11
2011,1,15,0,40.8,55.7,6,21
2011,1,15,100,40.6,56.2,7,21
2011,1,15,200,40.2,56.1,8,22
2011,1,15,300,39.9,56.6,6,18
2011,1,15,400,39.3,55.9,4,13
2011,1,15,500,38.8,55.2,6,25
2011,1,15,600,38.4,53.1,7,24
2011,1,15,700,37.9,51.2,8,36
2011,1,15,800,37.5,50.6,6,20
2011,1,15,900,37.4,49,4,18
2011,1,15,1000,38.2,48.1,4,14
2011,1,15,1100,38.5,47.5,5,18
2011,1,15,1200,38.2,49,5,22
2011,1,15,1300,37.6,51.7,4,14
2011,1,15,1400,37.3,55.3,3,15
2011,1,15,1500,36.8,57.1,3,9
2011,1,15,1600,36.4,58.9,3,9
2011,1,15,1700,35.9,62.1,4,12
2011,1,15,1800,36.1,57.1,3,13
2011,1,15,1900,35.7,53.2,1,6
2011,1,15,2000,35.2,50.5,5,13
2011,1,15,2100,34.7,50,7,24
2011,1,15,2200,35,48.4,6,23
2011,1,15,2300,35.3,47.3,6,19
2011,1,16,0,34.9,48.4,6,17
2011,1,16,100,34.8,47.1,6,24
2011,1,16,200,33.3,64.1,5,17
2011,1,16,300,30.3,89.3,5,19
2011,1,16,400,30.3,91.8,6,19
2011,1,16,500,30.5,90.8,3,10
2011,1,16,600,34.6,74.6,3,15
2011,1,16,700,36.2,73.5,9,41
2011,1,16,800,38,67.1,9,35
2011,1,16,900,39,64.1,6,17
2011,1,16,1000,39.5,65,5,19
2011,1,16,1100,37.8,75.7,3,15
2011,1,16,1200,34.9,88.7,2,5
2011,1,16,1300,34.6,90,2,5
2011,1,16,1400,36,88.1,2,16
2011,1,16,1500,36.4,87.6,2,7
2011,1,16,1600,36.8,87.8,2,10
2011,1,16,1700,36.9,86.9,2,9
2011,1,16,1800,37.9,83,3,10
2011,1,16,1900,37.1,84.8,2,8
2011,1,16,2000,37.3,84.1,2,8
2011,1,16,2100,38.4,79.4,3,9
2011,1,16,2200,40.1,73.2,2,16
2011,1,16,2300,40.3,71.4,3,13
2011,1,17,0,40.3,68.7,4,16
2011,1,17,100,39.5,69.1,5,15
2011,1,17,200,38.5,73.8,4,13
2011,1,17,300,39,67.9,3,15
2011,1,17,400,39.4,61.9,4,14
2011,1,17,500,38.9,61.7,2,9
2011,1,17,600,38.6,62.5,4,16
2011,1,17,700,37.9,65.6,6,15
2011,1,17,800,37.1,70.2,4,13
2011,1,17,900,36.5,73.2,4,12
2011,1,17,1000,37.4,68.1,4,13
2011,1,17,1100,37.2,71.5,5,10
2011,1,17,1200,36.2,76.6,1,6
2011,1,17,1300,36.7,73,3,10
2011,1,17,1400,35.9,73.9,3,12
2011,1,17,1500,35.9,74.6,5,16
2011,1,17,1600,34.1,86,4,10
2011,1,17,1700,32.9,90.3,4,9
2011,1,17,1800,33.1,85.5,5,14
2011,1,17,1900,33.5,77.2,7,17
2011,1,17,2000,33.3,73.8,7,16
2011,1,17,2100,32.8,73.5,7,17
2011,1,17,2200,32.3,71.3,9,19
2011,1,17,2300,32.6,69.9,5,16
2011,1,18,0,32.4,69.8,4,12
2011,1,18,100,31.7,71.9,2,9
2011,1,18,200,31.9,68.4,3,11
2011,1,18,300,32,65.9,4,13
2011,1,18,400,31.4,68.6,3,10
2011,1,18,500,31.1,65.1,2,11
2011,1,18,600,30.9,61.5,3,12
2011,1,18,700,30.1,64.9,2,11
2011,1,18,800,29.8,60.4,2,7
2011,1,18,900,29.7,57.7,3,11
2011,1,18,1000,30.4,53.2,4,12
2011,1,18,1100,31.2,51.3,4,14
2011,1,18,1200,31.1,52.6,4,16
2011,1,18,1300,31.7,49.1,4,12
2011,1,18,1400,32.3,48.5,4,15
2011,1,18,1500,32.8,45.7,3,13
2011,1,18,1600,31.8,49.9,4,13
2011,1,18,1700,29.1,69.6,4,15
2011,1,18,1800,27.1,87.1,2,5
2011,1,18,1900,27.3,87.3,1,4
2011,1,18,2000,27.2,86.5,1,3
2011,1,18,2100,25.9,85.4,1,6
2011,1,18,2200,24.8,86.6,1,4
2011,1,18,2300,24.5,86.5,2,4
2011,1,19,0,24.3,86.3,1,3
2011,1,19,100,24.3,85.9,1,2
2011,1,19,200,24.2,85,1,1
2011,1,19,300,23.6,86.7,0,1
2011,1,19,400,23,86.1,1,4
2011,1,19,500,22.3,84.5,1,3
2011,1,19,600,21.5,84.9,1,5
2011,1,19,700,20.9,85.8,1,4
2011,1,19,800,19.9,86.7,1,4
2011,1,19,900,19.5,87.9,1,2
2011,1,19,1000,19.8,81.7,2,9
2011,1,19,1100,20.9,71.2,4,14
2011,1,19,1200,20.6,66.7,6,20
2011,1,19,1300,20.7,66.6,5,17
2011,1,19,1400,20,68.7,5,16
2011,1,19,1500,19,68.3,7,20
2011,1,19,1600,18.9,65.6,6,17
2011,1,19,1700,19.8,67.2,5,15
2011,1,19,1800,19.6,68.4,5,12
2011,1,19,1900,19.1,63.9,8,19
2011,1,19,2000,17.9,62.7,6,20
2011,1,19,2100,17.4,66.3,6,17
2011,1,19,2200,17.3,66,4,11
2011,1,19,2300,17.2,68.5,4,11
2011,1,20,0,16.8,69,4,13
2011,1,20,100,16.2,68.9,5,21
2011,1,20,200,14.9,68.2,12,45
2011,1,20,300,13.4,74.3,21,46
2011,1,20,400,13.6,68.4,17,43
2011,1,20,500,13.9,62.5,9,33
2011,1,20,600,13.9,59.8,7,29
2011,1,20,700,14.5,55.9,8,22
2011,1,20,800,14.8,52.9,5,14
2011,1,20,900,15.8,54.2,7,42
2011,1,20,1000,19,50.9,13,37
2011,1,20,1100,20.3,48.1,7,25
2011,1,20,1200,23.8,46.8,5,23
2011,1,20,1300,26,50.2,6,17
2011,1,20,1400,28.2,48.6,6,17
2011,1,20,1500,28.3,51,6,18
2011,1,20,1600,28.6,52.3,5,23
2011,1,20,1700,28.6,57.6,9,33
2011,1,20,1800,29.5,62.3,11,42
2011,1,20,1900,30.1,62.6,8,33
2011,1,20,2000,30.3,62.6,7,20
2011,1,20,2100,29.3,65.8,8,19
2011,1,20,2200,28.9,68.1,7,20
2011,1,20,2300,28.4,71.1,6,17
2011,1,21,0,28.3,71.9,6,22
2011,1,21,100,28,72,6,17
2011,1,21,200,28.3,70.8,6,19
2011,1,21,300,28.4,69.4,5,12
2011,1,21,400,28.5,69.2,4,14
2011,1,21,500,28.6,68.8,5,18
2011,1,21,600,28.7,68.3,5,14
2011,1,21,700,28.9,67.2,4,13
2011,1,21,800,29.1,65.4,4,15
2011,1,21,900,29.2,65.2,5,19
2011,1,21,1000,30.4,60.5,6,19
2011,1,21,1100,31,58.6,9,34
2011,1,21,1200,32.1,56.2,7,28
2011,1,21,1300,34,50.3,7,23
2011,1,21,1400,35.9,48.1,6,15
2011,1,21,1500,35.7,49.9,6,22
2011,1,21,1600,36.2,52.1,7,35
2011,1,21,1700,36.3,51.4,8,21
2011,1,21,1800,36.7,49.4,7,26
2011,1,21,1900,35.2,63,7,19
2011,1,21,2000,33.4,77.4,6,18
2011,1,21,2100,32.6,84,6,18
2011,1,21,2200,32.8,85.8,3,10
2011,1,21,2300,33.7,78.5,3,12
2011,1,22,0,33.5,74.1,4,13
2011,1,22,100,32.7,72,5,12
2011,1,22,200,29.5,81.1,10,32
2011,1,22,300,28,80.9,14,37
2011,1,22,400,27.9,74.2,13,43
2011,1,22,500,27.4,72,12,32
2011,1,22,600,27,65.8,12,29
2011,1,22,700,26.2,69.8,7,20
2011,1,22,800,26.1,67.7,6,18
2011,1,22,900,25,76.4,10,30
2011,1,22,1000,24.5,81.5,15,31
2011,1,22,1100,25.8,74.3,14,33
2011,1,22,1200,27.4,67.1,9,21
2011,1,22,1300,28.5,63.6,8,19
2011,1,22,1400,28.3,63.4,5,14
2011,1,22,1500,27.8,65.5,5,16
2011,1,22,1600,28.8,61.6,4,14
2011,1,22,1700,27.5,63.9,5,18
2011,1,22,1800,25.9,67,15,35
2011,1,22,1900,25.6,66.5,15,36
2011,1,22,2000,24.8,69.9,21,42
2011,1,22,2100,24.2,72.2,23,45
2011,1,22,2200,24.2,66.6,19,55
2011,1,22,2300,24.4,61.5,8,29
2011,1,23,0,24.7,57.3,6,25
2011,1,23,100,24.6,57.9,12,35
2011,1,23,200,25.7,53.4,13,38
2011,1,23,300,26.8,49.4,13,37
2011,1,23,400,28.5,40.2,6,27
2011,1,23,500,27.3,44.3,5,16
2011,1,23,600,29,38.7,5,17
2011,1,23,700,30.2,35,6,19
2011,1,23,800,30.8,33.2,6,29
2011,1,23,900,31.3,34.5,7,23
2011,1,23,1000,31.9,39.6,9,32
2011,1,23,1100,33.4,41.9,10,30
2011,1,23,1200,35.4,35.8,6,27
2011,1,23,1300,36.1,36.8,6,13
2011,1,23,1400,35.6,40.1,6,17
2011,1,23,1500,34.6,44.9,9,24
2011,1,23,1600,34.4,48.9,5,18
2011,1,23,1700,34.1,54.1,4,15
2011,1,23,1800,31.2,75.7,7,22
2011,1,23,1900,30.7,78.5,12,33
2011,1,23,2000,29.7,74.5,9,34
2011,1,23,2100,27.9,67.7,7,20
2011,1,23,2200,27.4,67.3,3,10
2011,1,23,2300,25.4,69.1,3,9
2011,1,24,0,21.4,78.7,2,6
2011,1,24,100,19.4,83.4,2,9
2011,1,24,200,20.7,87.6,3,10
2011,1,24,300,22.3,89.6,3,11
2011,1,24,400,23.7,80.7,4,15
2011,1,24,500,24.6,73.9,13,30
2011,1,24,600,23.5,76.1,6,17
2011,1,24,700,21.4,81.8,4,11
2011,1,24,800,20.2,82.2,4,20
2011,1,24,900,20.4,77.1,6,16
2011,1,24,1000,22.8,68.5,5,13
2011,1,24,1100,25.1,60.8,5,19
2011,1,24,1200,25.7,57.2,6,19
2011,1,24,1300,26.2,54,6,22
2011,1,24,1400,28.5,43.9,7,31
2011,1,24,1500,30.2,39.1,5,26
2011,1,24,1600,33.3,23.6,5,20
2011,1,24,1700,29.2,36.4,3,10
2011,1,24,1800,25.8,52.6,3,9
2011,1,24,1900,24.9,54,2,13
2011,1,24,2000,26.7,54.4,5,24
2011,1,24,2100,27.9,73.4,5,22
2011,1,24,2200,26.9,74.8,3,7
2011,1,24,2300,25.3,87.5,2,8
2011,1,25,0,26,89.1,1,6
2011,1,25,100,27.2,88.8,1,5
2011,1,25,200,27.4,88.9,2,5
2011,1,25,300,28.2,87.4,2,7
2011,1,25,400,28.5,86.5,1,6
2011,1,25,500,27.7,88.2,3,9
2011,1,25,600,27.3,90.1,3,9
2011,1,25,700,28.2,88.7,2,11
2011,1,25,800,29,88.5,2,7
2011,1,25,900,28.8,90.7,3,11
2011,1,25,1000,29.9,88,4,15
2011,1,25,1100,32.4,75.8,4,22
2011,1,25,1200,34.1,70,5,15
2011,1,25,1300,33.7,75,4,12
2011,1,25,1400,32.5,73.6,7,20
2011,1,25,1500,32.3,72.8,8,23
2011,1,25,1600,32.8,71.2,6,17
2011,1,25,1700,33.6,70.9,4,15
2011,1,25,1800,32.9,73.7,4,11
2011,1,25,1900,32.4,73.7,4,10
2011,1,25,2000,32.4,71.2,6,15
2011,1,25,2100,32,73.5,4,11
2011,1,25,2200,28.9,85,3,11
2011,1,25,2300,28.3,82.7,7,25
2011,1,26,0,29.6,75.6,11,30
2011,1,26,100,30.4,73,14,32
2011,1,26,200,30.3,71.8,19,38
2011,1,26,300,30,68.7,15,34
2011,1,26,400,28.7,72.5,9,29
2011,1,26,500,29.1,72.8,12,29
2011,1,26,600,29.7,69.5,11,28
2011,1,26,700,29.8,64.5,10,25
2011,1,26,800,31,57.7,6,20
2011,1,26,900,31,55.7,9,27
2011,1,26,1000,30.1,57.4,7,30
2011,1,26,1100,29.7,60.4,8,23
2011,1,26,1200,33.1,48.5,11,41
2011,1,26,1300,33.2,51,13,34
2011,1,26,1400,34.9,47.7,9,30
2011,1,26,1500,35.3,49.5,11,34
2011,1,26,1600,35.9,52,13,32
2011,1,26,1700,38.1,48.2,7,25
2011,1,26,1800,37.6,46,5,19
2011,1,26,1900,37.1,48.4,6,22
2011,1,26,2000,36.8,51.1,7,28
2011,1,26,2100,34.6,62,15,50
2011,1,26,2200,32.8,77,20,42
2011,1,26,2300,33.9,76.3,13,30
2011,1,27,0,34.8,74.5,12,35
2011,1,27,100,35.7,68,11,26
2011,1,27,200,36.5,63.1,13,38
2011,1,27,300,37,48.9,6,21
2011,1,27,400,37.4,47.3,9,28
2011,1,27,500,37.2,47.4,10,30
2011,1,27,600,36.7,48.4,15,43
2011,1,27,700,36.4,50.2,15,46
2011,1,27,800,36.9,45.8,14,33
2011,1,27,900,37.7,42.6,12,34
2011,1,27,1000,39.7,36.2,4,13
2011,1,27,1100,40.6,36.3,6,19
2011,1,27,1200,41.5,35.4,7,23
2011,1,27,1300,41.8,34.5,8,26
2011,1,27,1400,43.8,30.7,7,23
2011,1,27,1500,42.7,33.3,5,17
2011,1,27,1600,42.3,31.4,6,27
2011,1,27,1700,42.7,31.5,5,20
2011,1,27,1800,36.8,47.7,2,8
2011,1,27,1900,40.1,36.7,4,11
2011,1,27,2000,41.6,32.7,3,13
2011,1,27,2100,42.1,31.4,3,11
2011,1,27,2200,42.9,30.4,3,12
2011,1,27,2300,38.5,39.4,2,9
2011,1,28,0,34,52.6,3,9
2011,1,28,100,33.3,54.3,3,7
2011,1,28,200,30.3,60.2,3,7
2011,1,28,300,29.2,61.4,3,10
2011,1,28,400,29.7,59.1,3,9
2011,1,28,500,26.4,66.7,1,7
2011,1,28,600,27.3,66.2,3,8
2011,1,28,700,27.7,66.5,3,8
2011,1,28,800,27.4,65.9,2,6
2011,1,28,900,27.6,64.7,2,5
2011,1,28,1000,30.6,58.3,1,7
2011,1,28,1100,35.8,47.3,2,9
2011,1,28,1200,38.3,42.3,2,6
2011,1,28,1300,41.4,37.2,4,12
2011,1,28,1400,45.4,28.5,4,15
2011,1,28,1500,45.1,29.9,4,12
2011,1,28,1600,42,39.5,2,14
2011,1,28,1700,37.6,50.7,1,5
2011,1,28,1800,37.3,51.2,2,8
2011,1,28,1900,37.1,50.2,2,11
2011,1,28,2000,35.4,54.6,2,6
2011,1,28,2100,36.5,50.4,2,7
2011,1,28,2200,34.7,57.9,2,5
2011,1,28,2300,35.3,55.6,2,7
2011,1,29,0,37.4,46.2,2,12
2011,1,29,100,37.3,45.7,4,11
2011,1,29,200,35.3,51.2,4,14
2011,1,29,300,33.8,56.5,4,12
2011,1,29,400,33.5,58.9,3,8
2011,1,29,500,32.6,62,2,6
2011,1,29,600,29.7,68.2,2,6
2011,1,29,700,27.7,72,2,5
2011,1,29,800,27.5,72,2,6
2011,1,29,900,29.2,71,1,4
2011,1,29,1000,32.2,60.8,2,5
2011,1,29,1100,34.6,50.8,4,16
2011,1,29,1200,38.1,43.6,6,18
2011,1,29,1300,38.6,42.9,5,15
2011,1,29,1400,38.1,44.5,4,11
2011,1,29,1500,38.1,43.7,3,9
2011,1,29,1600,37.9,42.2,5,10
2011,1,29,1700,37.7,44,2,9
2011,1,29,1800,36.3,49.1,3,10
2011,1,29,1900,34.5,61.4,3,9
2011,1,29,2000,33.3,69.7,2,8
2011,1,29,2100,31.6,78.8,1,4
2011,1,29,2200,30.8,81,1,4
2011,1,29,2300,29.7,83.5,1,4
2011,1,30,0,27.1,88,1,5
2011,1,30,100,25.4,87.5,3,8
2011,1,30,200,22.1,92,3,9
2011,1,30,300,21.2,92.5,2,6
2011,1,30,400,20,92.9,2,6
2011,1,30,500,18.8,93.1,2,5
2011,1,30,600,17.7,91.5,1,6
2011,1,30,700,16.3,91.8,3,8
2011,1,30,800,15.1,90,2,6
2011,1,30,900,14.6,88.6,1,4
2011,1,30,1000,13.9,86,3,7
2011,1,30,1100,13.9,83.8,3,8
2011,1,30,1200,14.3,80.3,2,6
2011,1,30,1300,16,76.7,2,6
2011,1,30,1400,15.4,75.7,2,6
2011,1,30,1500,12.3,75.1,3,8
2011,1,30,1600,10.5,75.7,3,10
2011,1,30,1700,8.4,76.8,3,8
2011,1,30,1800,5.4,78.6,2,7
2011,1,30,1900,2.9,77.3,2,6
2011,1,30,2000,2.4,77.1,1,5
2011,1,30,2100,1.6,77.2,1,3
2011,1,30,2200,-0.4,76.2,2,4
2011,1,30,2300,-1,79.8,2,5
2011,1,31,0,-1.9,82.7,2,6
2011,1,31,100,-3.4,82.2,2,6
2011,1,31,200,-4.1,82.2,2,4
2011,1,31,300,-4.7,81.2,1,4
2011,1,31,400,-6.2,79.3,1,6
2011,1,31,500,-8.3,78.5,1,6
2011,1,31,600,-8.4,76.3,1,3
2011,1,31,700,-10.5,74.7,1,3
2011,1,31,800,-10.5,74.6,1,2
2011,1,31,900,-8.5,76.2,1,6
2011,1,31,1000,-6.8,74.8,3,7
2011,1,31,1100,-5.2,73.4,4,7
2011,1,31,1200,-3.1,72.5,4,8
2011,1,31,1300,-1.5,72.3,4,8
2011,1,31,1400,-0.3,72.3,5,9
2011,1,31,1500,0.7,70.4,4,9
2011,1,31,1600,-0.2,71.1,2,6
2011,1,31,1700,-1,72.7,1,1
2011,1,31,1800,-1.6,74.8,1,4
2011,1,31,1900,-3.1,73.7,2,5
2011,1,31,2000,-4.7,73.7,2,6
2011,1,31,2100,-6.5,74.2,1,5
2011,1,31,2200,-9.2,73.4,2,6
2011,1,31,2300,-9,74.6,1,4
2011,2,1,0,-8.9,75.3,1,3
2011,2,1,100,-9.7,74.1,1,4
2011,2,1,200,-12.3,72.6,2,5
2011,2,1,300,-14.1,72.3,2,5
2011,2,1,400,-15.2,72.1,1,3
2011,2,1,500,-16.1,72.4,2,4
2011,2,1,600,-16.5,73.1,2,4
2011,2,1,700,-16.8,72,1,3
2011,2,1,800,-17.4,72,1,3
2011,2,1,900,-15.8,72.7,1,1
2011,2,1,1000,-9.5,71.7,1,5
2011,2,1,1100,-6.2,74.1,4,8
2011,2,1,1200,-4.2,71,4,10
2011,2,1,1300,-2.4,70.4,4,9
2011,2,1,1400,-0.4,68.6,4,8
2011,2,1,1400,-0.2,68.4,5,9
2011,2,1,1500,0.2,67.5,3,9
2011,2,1,1500,0.3,67.6,3,9
2011,2,1,1600,-0.2,67.1,2,6
2011,2,1,1600,-0.1,67.2,2,6
2011,2,1,1700,-4.3,70.7,1,3
2011,2,1,1700,-3.8,70.1,1,3
2011,2,1,1800,-7.5,74.1,1,4
2011,2,1,1800,-7.3,74,1,2
2011,2,1,1900,-8.1,73.1,2,5
2011,2,1,1900,-8,73.1,2,5
2011,2,1,2000,-8.9,73.7,3,6
2011,2,1,2000,-8.9,73.9,3,6
2011,2,1,2100,-7.3,71.4,2,6
2011,2,1,2100,-7.2,71.5,2,6
2011,2,1,2200,-6.6,70.3,2,6
2011,2,1,2200,-6.6,70.3,3,6
2011,2,1,2300,-7.2,72,3,6
2011,2,1,2300,-7.1,71.8,3,6
2011,2,2,0,-9.1,73.9,3,6
2011,2,2,0,-8.9,73.6,3,6
2011,2,2,100,-9.8,74.1,4,7
2011,2,2,100,-9.8,74.3,4,7
2011,2,2,200,-9.4,73.6,3,6
2011,2,2,200,-9.3,73.5,3,5
2011,2,2,300,-9.8,74.5,2,6
2011,2,2,400,-8.2,72.8,2,7
2011,2,2,400,-8.2,73.1,2,7
2011,2,2,500,-10.6,74.2,3,6
2011,2,2,500,-10.4,73.9,3,6
2011,2,2,600,-10.9,74.7,3,8
2011,2,2,700,-9.9,74.4,2,8
2011,2,2,700,-9.8,74.6,2,8
2011,2,2,800,-8.7,75.7,3,7
2011,2,2,800,-8.5,75.3,3,7
2011,2,2,900,-5.7,72,1,5
2011,2,2,900,-5.4,71.8,1,5
2011,2,2,1000,-1.2,67.6,2,8
2011,2,2,1000,-1,67.1,2,8
2011,2,2,1100,2.5,59.3,3,8
2011,2,2,1200,3.4,58.4,4,10
2011,2,2,1300,4.6,59.3,3,9
2011,2,2,1400,6.1,58.3,4,11
2011,2,2,1500,8.1,54.8,3,10
2011,2,2,1600,9.5,48.8,3,10
2011,2,2,1700,10.2,49.7,3,12
2011,2,2,1800,8.5,50.3,1,6
2011,2,2,1900,6.4,57.9,2,8
2011,2,2,2000,6,56.8,3,11
2011,2,2,2100,6.3,53.4,1,9
2011,2,2,2200,9.2,44.2,4,14
2011,2,2,2300,9.2,48.8,6,14
2011,2,3,0,12.5,44.7,5,13
2011,2,3,100,10.9,45.1,3,11
2011,2,3,200,9.4,47.1,4,14
2011,2,3,300,8.1,50.4,3,10
2011,2,3,400,7.3,52.8,2,11
2011,2,3,500,7.1,54.6,2,10
2011,2,3,600,7.9,52.2,4,10
2011,2,3,700,9.3,49.6,2,8
2011,2,3,800,12.2,48.2,7,21
2011,2,3,900,11.9,48.9,6,19
2011,2,3,1000,15.8,50.2,8,22
2011,2,3,1100,19.7,52.3,7,20
2011,2,3,1200,26.3,52.5,8,30
2011,2,3,1300,28,50.9,7,34
2011,2,3,1400,29.4,50.5,7,26
2011,2,3,1500,30.6,52.4,5,15
2011,2,3,1600,32.3,53.5,5,20
2011,2,3,1700,33.9,54.9,6,17
2011,2,3,1800,33.8,56.7,6,25
2011,2,3,1900,33.9,57,5,24
2011,2,3,2000,33,66.6,10,33
2011,2,3,2100,31.4,79,7,26
2011,2,3,2200,31.3,87.5,6,20
2011,2,3,2300,32.8,83.2,7,22
2011,2,4,0,32.7,84.5,9,32
2011,2,4,100,33.4,85.6,10,28
2011,2,4,200,33.6,86.1,12,36
2011,2,4,300,34.3,85.2,8,26
2011,2,4,400,33.4,90.5,3,14
2011,2,4,500,34,86.3,4,15
2011,2,4,600,34.8,82.6,4,14
2011,2,4,700,35,82.3,4,12
2011,2,4,800,34.8,78.9,5,13
2011,2,4,900,35.5,73.3,5,15
2011,2,4,1000,37,67.8,4,15
2011,2,4,1100,38,65.5,5,20
2011,2,4,1200,37.9,67,4,13
2011,2,4,1300,38.5,68.1,4,15
2011,2,4,1400,36.9,76,3,10
2011,2,4,1500,38.1,70.7,4,18
2011,2,4,1600,38.6,67.2,2,8
2011,2,4,1700,38.3,67.5,2,9
2011,2,4,1800,36.9,71,1,6
2011,2,4,1900,38.1,65.3,5,15
2011,2,4,2000,37.5,66.6,6,21
2011,2,4,2100,35.7,70.4,10,34
2011,2,4,2200,34.6,68.9,10,28
2011,2,4,2300,34.1,67,7,23
2011,2,5,0,32.8,72.4,8,29
2011,2,5,100,32.8,72.1,9,36
2011,2,5,200,32.3,72.6,9,24
2011,2,5,300,31.7,75.3,9,25
2011,2,5,400,30.6,79.9,7,21
2011,2,5,500,29.6,81.7,7,23
2011,2,5,600,28.6,84,11,26
2011,2,5,700,28.5,81,7,18
2011,2,5,800,27.8,76.7,6,18
2011,2,5,900,27,77.2,6,18
2011,2,5,1000,26.3,81.3,8,22
2011,2,5,1100,27,78.9,3,8
2011,2,5,1200,28.3,69.7,6,17
2011,2,5,1300,25.7,78.8,13,26
2011,2,5,1400,25.9,77.2,9,26
2011,2,5,1500,25.6,74.4,5,17
2011,2,5,1600,25.5,68.5,6,19
2011,2,5,1700,24.9,69.7,7,20
2011,2,5,1800,24.3,69.5,6,16
2011,2,5,1900,23.3,81.4,3,13
2011,2,5,2000,22.9,80.7,6,13
2011,2,5,2100,22.6,72.8,6,22
2011,2,5,2200,22.1,72.6,7,18
2011,2,5,2300,21.9,71.3,9,24
2011,2,6,0,21.7,72.5,9,19
2011,2,6,100,21.2,74.7,7,17
2011,2,6,200,20.5,77.3,9,22
2011,2,6,300,20.3,79.3,7,18
2011,2,6,400,20,79.6,5,13
2011,2,6,500,19.7,81.8,1,6
2011,2,6,600,16.9,80,3,9
2011,2,6,700,15.2,77.3,2,7
2011,2,6,800,14.3,77.4,3,10
2011,2,6,900,14,77.8,3,7
2011,2,6,1000,15.4,75.7,2,7
2011,2,6,1100,17.3,73.1,1,5
2011,2,6,1200,18.4,77.4,4,9
2011,2,6,1300,19.2,76.3,4,9
2011,2,6,1400,19.2,76.3,4,9
2011,2,6,1500,19.2,75.4,4,8
2011,2,6,1600,18.9,76.1,3,7
2011,2,6,1700,17.6,80.3,2,4
2011,2,6,1800,16.9,80.9,1,4
2011,2,6,1900,15.9,84.6,1,2
2011,2,6,2000,14.5,84.4,1,4
2011,2,6,2100,15.2,83.7,1,2
2011,2,6,2200,15.7,84.5,1,3
2011,2,6,2300,16.2,85.3,1,2
2011,2,7,0,16.1,85.8,1,2
2011,2,7,100,16.3,86.3,1,4
2011,2,7,200,16.8,86.3,1,4
2011,2,7,300,16.7,86.3,2,6
2011,2,7,400,18.6,88,1,7
2011,2,7,500,20.2,87.5,1,6
2011,2,7,600,24.1,85.5,2,6
2011,2,7,700,26.8,80,2,6
2011,2,7,800,27.7,77.5,2,8
2011,2,7,900,27.4,83.3,4,17
2011,2,7,1000,26.4,86.2,5,16
2011,2,7,1100,27.3,81.8,4,14
2011,2,7,1200,27.9,75.1,4,16
2011,2,7,1300,27.7,75.2,5,15
2011,2,7,1400,20.6,80.4,4,21
2011,2,7,1500,17,80.5,4,10
2011,2,7,1600,12.9,79.3,4,11
2011,2,7,1700,11.4,78.3,3,8
2011,2,7,1800,9.2,78.3,2,5
2011,2,7,1900,8.9,78,1,4
2011,2,7,2000,7.9,79.2,2,5
2011,2,7,2100,5.9,78.6,2,6
2011,2,7,2200,5.3,76.6,3,6
2011,2,7,2300,5.5,75.3,2,9
2011,2,8,0,4.5,77.9,2,7
2011,2,8,100,4.2,77.1,2,7
2011,2,8,200,1.8,79.7,2,5
2011,2,8,300,2,78.3,1,4
2011,2,8,400,2.2,80,1,5
2011,2,8,500,2.2,82.4,1,6
2011,2,8,600,1.6,83.6,2,8
2011,2,8,700,0.9,82.5,1,8
2011,2,8,800,-2,78.8,1,3
2011,2,8,900,0.2,80.5,1,5
2011,2,8,1000,3.5,75.3,2,7
2011,2,8,1100,4.7,72.5,3,8
2011,2,8,1200,6.2,70.6,3,8
2011,2,8,1300,7.4,67.8,3,7
2011,2,8,1400,7.9,61.7,4,10
2011,2,8,1500,8.1,67.3,2,6
2011,2,8,1600,7,70.8,2,5
2011,2,8,1700,1.3,71.8,1,4
2011,2,8,1800,-3.4,76.7,1,4
2011,2,8,1900,-5.7,77.4,1,3
2011,2,8,2000,-8.2,76.3,1,2
2011,2,8,2100,-9.5,76.8,2,5
2011,2,8,2200,-9.5,77.5,1,5
2011,2,8,2300,-9.6,76.4,1,2
2011,2,9,0,-8.9,76.6,1,4
2011,2,9,100,-8.3,77.7,2,5
2011,2,9,200,-7.6,79,2,5
2011,2,9,300,-8.3,76.7,1,4
2011,2,9,400,-5.6,78.1,2,8
2011,2,9,500,-5.2,80.2,2,8
2011,2,9,600,-6,81.2,2,8
2011,2,9,700,-4.8,81.4,3,11
2011,2,9,800,-2.5,79.6,4,12
2011,2,9,900,-0.1,76.9,4,18
2011,2,9,1000,4.8,73.7,5,17
2011,2,9,1100,11.2,68.1,6,18
2011,2,9,1200,15.7,61.7,7,20
2011,2,9,1300,16.3,66.8,13,39
2011,2,9,1400,17.2,65,16,41
2011,2,9,1500,18.4,62.5,11,34
2011,2,9,1600,17.7,67.2,17,49
2011,2,9,1700,17.6,67.3,16,43
2011,2,9,1800,17.7,65.2,11,40
2011,2,9,1900,16.5,71.6,19,41
2011,2,9,2000,17,69.2,15,33
2011,2,9,2100,16.8,66.1,9,31
2011,2,9,2200,16.4,65,7,29
2011,2,9,2300,16.2,65.2,8,30
2011,2,10,0,15.7,67.3,13,36
2011,2,10,100,16.2,63.2,9,38
2011,2,10,200,16.5,64.5,7,24
2011,2,10,300,17,64.3,5,23
2011,2,10,400,17.3,63.5,6,29
2011,2,10,500,17.5,64.4,7,31
2011,2,10,600,17.7,67.5,9,41
2011,2,10,700,18.5,68,9,28
2011,2,10,800,19.3,68,8,32
2011,2,10,900,20,70.7,9,35
2011,2,10,1000,21.2,69.6,7,38
2011,2,10,1100,22.6,71.8,7,26
2011,2,10,1200,23.8,70.9,8,27
2011,2,10,1300,24.5,69.8,9,28
2011,2,10,1400,26.4,63.7,6,23
2011,2,10,1500,25.4,72.8,8,26
2011,2,10,1600,25.9,69.3,7,22
2011,2,10,1700,26.8,64.4,6,17
2011,2,10,1800,27.2,59.9,5,17
2011,2,10,1900,27.1,59.6,6,15
2011,2,10,2000,26.7,60.5,7,17
2011,2,10,2100,26.4,63.9,8,23
2011,2,10,2200,26.4,66.5,7,17
2011,2,10,2300,26,70.6,7,19
2011,2,11,0,26.7,63.8,8,20
2011,2,11,100,26.9,63.1,6,15
2011,2,11,200,27.2,62.4,5,12
2011,2,11,300,27.4,61.4,6,17
2011,2,11,400,27.5,61.2,7,16
2011,2,11,500,27.5,61.5,8,17
2011,2,11,600,27.5,59.9,7,19
2011,2,11,700,27.6,59.5,7,21
2011,2,11,800,28.5,56.8,5,16
2011,2,11,900,29.1,55.7,5,26
2011,2,11,1000,29.4,57.4,9,28
2011,2,11,1100,31.3,52.1,6,22
2011,2,11,1200,31.9,52.6,8,27
2011,2,11,1300,34.2,47.4,5,20
2011,2,11,1400,35.1,47.6,5,18
2011,2,11,1500,35.5,46.8,5,22
2011,2,11,1600,35.1,46.9,6,18
2011,2,11,1700,34.9,45.3,3,14
2011,2,11,1800,34.3,47.4,4,11
2011,2,11,1900,29.1,60.3,3,8
2011,2,11,2000,33.5,45.5,4,15
2011,2,11,2100,35.8,40,6,19
2011,2,11,2200,36,38,5,21
2011,2,11,2300,36,37.3,7,29
2011,2,12,0,36.3,37.2,8,30
2011,2,12,100,36.4,42.4,8,26
2011,2,12,200,36.5,40.8,8,26
2011,2,12,300,36.3,40.6,9,24
2011,2,12,400,36.5,37.7,8,23
2011,2,12,500,36.7,36.7,8,28
2011,2,12,600,36.8,36.9,8,24
2011,2,12,700,37,40,7,19
2011,2,12,800,36.4,39.9,4,12
2011,2,12,900,38.1,34.5,4,14
2011,2,12,1000,40,31.1,5,17
2011,2,12,1100,41.1,30.8,8,26
2011,2,12,1200,42.2,29.3,11,29
2011,2,12,1300,43.1,27.1,13,43
2011,2,12,1400,43.7,27,12,33
2011,2,12,1500,44.5,26.1,12,34
2011,2,12,1600,44.4,25.3,12,32
2011,2,12,1700,44.6,24.2,13,42
2011,2,12,1800,43.7,24.4,12,30
2011,2,12,1900,42.9,25,10,29
2011,2,12,2000,42.7,25.3,9,32
2011,2,12,2100,42.5,25.4,9,24
2011,2,12,2200,43.1,24.1,12,27
2011,2,12,2300,42.5,25.3,10,43
2011,2,13,0,40.3,29.8,7,24
2011,2,13,100,40.2,31.1,8,19
2011,2,13,200,42,30.4,11,36
2011,2,13,300,41.1,32,15,40
2011,2,13,400,40.4,33.1,16,39
2011,2,13,500,39.6,33.7,15,42
2011,2,13,600,38.7,37.9,8,43
2011,2,13,700,37.9,45.6,7,26
2011,2,13,800,37,49.3,5,16
2011,2,13,900,35.8,54,6,21
2011,2,13,1000,35.7,52.1,6,17
2011,2,13,1100,36.8,46.5,7,25
2011,2,13,1200,38.2,42.5,6,21
2011,2,13,1300,38.5,39.7,7,32
2011,2,13,1400,38.9,35.1,6,24
2011,2,13,1500,38.5,34.2,7,23
2011,2,13,1600,38.5,34.6,8,28
2011,2,13,1700,39.3,35.3,8,21
2011,2,13,1800,38.9,34.3,7,22
2011,2,13,1900,38.8,33.9,7,22
2011,2,13,2000,38.5,32.7,5,15
2011,2,13,2100,33.6,43,3,9
2011,2,13,2200,33.7,37,3,16
2011,2,13,2300,26.7,51.1,3,8
2011,2,14,0,25.3,56.8,4,8
2011,2,14,100,26.6,53.9,2,9
2011,2,14,200,27.3,54.7,2,6
2011,2,14,300,28,56.4,2,6
2011,2,14,400,26.9,60.2,2,6
2011,2,14,500,26.6,60.8,1,4
2011,2,14,600,26,58,2,8
2011,2,14,700,24.9,55.1,2,7
2011,2,14,800,24.5,52.9,2,5
2011,2,14,900,28.9,44,2,14
2011,2,14,1000,37.2,28.2,4,14
2011,2,14,1100,40.5,26.5,5,15
2011,2,14,1200,43.4,26,4,10
2011,2,14,1300,44.4,25.8,3,10
2011,2,14,1400,45,27.4,4,11
2011,2,14,1500,45.5,27,4,15
2011,2,14,1600,47.2,23.5,7,17
2011,2,14,1700,44.4,28.3,4,14
2011,2,14,1800,43.1,28.6,7,31
2011,2,14,1900,42.2,29.6,5,19
2011,2,14,2000,40.7,33.1,9,32
2011,2,14,2100,40.2,34.9,11,36
2011,2,14,2200,39.5,37,12,33
2011,2,14,2300,39.8,34.9,7,19
2011,2,15,0,39.9,34.7,7,23
2011,2,15,100,39.5,35.9,9,27
2011,2,15,200,39.5,37.6,8,26
2011,2,15,300,39.8,36.1,9,27
2011,2,15,400,39.2,37.8,7,28
2011,2,15,500,37.1,42.3,4,16
2011,2,15,600,37.7,39.4,4,12
2011,2,15,700,36.8,41.4,4,16
2011,2,15,800,38,42.1,5,34
2011,2,15,900,40.3,39.6,9,26
2011,2,15,1000,42.2,36.4,6,24
2011,2,15,1100,44.1,33,9,27
2011,2,15,1200,44.1,32.2,14,36
2011,2,15,1300,45.2,28.8,10,37
2011,2,15,1400,45.8,28.2,9,27
2011,2,15,1500,45.1,28.5,8,29
2011,2,15,1600,44.2,29.3,7,23
2011,2,15,1700,43.4,29,9,23
2011,2,15,1800,42.2,30,6,20
2011,2,15,1900,40,33.3,5,13
2011,2,15,2000,39,34.6,5,23
2011,2,15,2100,39.5,35,5,17
2011,2,15,2200,38.4,36.8,5,15
2011,2,15,2300,37.9,37.9,4,12
2011,2,16,0,35.9,42,4,11
2011,2,16,100,33.4,46.4,3,12
2011,2,16,200,34.1,44.4,3,20
2011,2,16,300,34.4,45.2,3,11
2011,2,16,400,33.5,48.1,3,13
2011,2,16,500,34.7,46.6,4,10
2011,2,16,600,35.2,45.8,4,10
2011,2,16,700,33.7,46.7,3,10
2011,2,16,800,31.3,52.1,2,9
2011,2,16,900,35.2,44,3,8
2011,2,16,1000,40,36.4,4,12
2011,2,16,1100,42,33.9,5,14
2011,2,16,1200,41.4,35,5,15
2011,2,16,1300,40.5,38.1,4,17
2011,2,16,1400,39.8,41.6,7,27
2011,2,16,1500,40.6,39.5,6,16
2011,2,16,1600,40.2,40.6,5,15
2011,2,16,1700,38.8,43.9,3,15
2011,2,16,1800,37.6,47.3,4,16
2011,2,16,1900,35,62.6,5,19
2011,2,16,2000,30,81,8,32
2011,2,16,2100,26.9,88.4,9,25
2011,2,16,2200,26.4,89.5,5,11
2011,2,16,2300,27.4,87.7,1,9
2011,2,17,0,26.5,85.9,1,6
2011,2,17,100,26.8,72,2,13
2011,2,17,200,25,82.9,4,12
2011,2,17,300,22.6,89.3,9,24
2011,2,17,400,20.8,84.3,8,22
2011,2,17,500,20.8,78.3,5,14
2011,2,17,600,20.6,69.8,3,11
2011,2,17,700,15.4,76.8,2,8
2011,2,17,800,17.5,67.3,3,14
2011,2,17,900,20.5,53.5,5,19
2011,2,17,1000,23,47.8,5,12
2011,2,17,1100,23.4,52.1,5,15
2011,2,17,1200,23.8,57.1,5,15
2011,2,17,1300,25.7,47.2,5,17
2011,2,17,1400,24.9,55.6,13,30
2011,2,17,1500,23.6,56.5,11,34
2011,2,17,1600,26,42.1,4,16
2011,2,17,1700,25.8,38.3,5,18
2011,2,17,1800,24.2,43.6,11,27
2011,2,17,1900,22.8,41.2,8,21
2011,2,17,2000,20.9,46.3,7,20
2011,2,17,2100,19.7,48,3,12
2011,2,17,2200,16.3,60.1,1,5
2011,2,17,2300,19.7,49.3,3,14
2011,2,18,0,21.7,46.1,5,14
2011,2,18,100,21.8,49.2,4,12
2011,2,18,200,22.2,51,3,11
2011,2,18,300,21.7,55.5,2,8
2011,2,18,400,18.7,71.7,1,3
2011,2,18,500,18.9,74.5,1,4
2011,2,18,600,18.6,75.5,1,4
2011,2,18,700,19.6,74.7,1,3
2011,2,18,800,19.7,77.5,1,2
2011,2,18,900,21.5,74.4,0,1
2011,2,18,1000,24.7,61.6,1,1
2011,2,18,1100,28.9,51.6,1,3
2011,2,18,1200,31.2,51.5,3,8
2011,2,18,1300,32.5,49.8,4,11
2011,2,18,1400,33.3,48.5,5,15
2011,2,18,1500,33,50.6,4,11
2011,2,18,1600,31.8,54.6,3,16
2011,2,18,1700,29.3,63.9,4,8
2011,2,18,1800,24.7,72.9,2,6
2011,2,18,1900,20.7,78.5,2,6
2011,2,18,2000,17.5,81,2,7
2011,2,18,2100,15,82.1,2,7
2011,2,18,2200,12.6,83.6,1,3
2011,2,18,2300,10.6,84.9,1,3
2011,2,19,0,8.4,84.1,1,3
2011,2,19,100,6.6,82.9,1,1
2011,2,19,200,5.7,82.7,1,1
2011,2,19,300,5.1,81.4,1,3
2011,2,19,400,4.6,81.4,1,3
2011,2,19,500,4,81.2,1,2
2011,2,19,600,4.2,81.9,1,2
2011,2,19,700,3.5,82.5,1,3
2011,2,19,800,4.4,82.5,1,4
2011,2,19,900,6.6,82.5,1,4
2011,2,19,1000,8,80.9,2,5
2011,2,19,1100,9.4,79,3,8
2011,2,19,1200,12.2,76.1,6,13
2011,2,19,1300,14.9,71.7,6,14
2011,2,19,1400,13.3,71.5,6,14
2011,2,19,1500,10.4,75.1,6,15
2011,2,19,1600,8,78.6,5,14
2011,2,19,1700,6.9,78.4,4,12
2011,2,19,1800,5.2,77.6,4,14
2011,2,19,1900,3.6,77.3,4,12
2011,2,19,2000,2.7,76,4,12
2011,2,19,2100,2.3,76.2,2,10
2011,2,19,2200,2.4,76.1,2,8
2011,2,19,2300,1.1,77.4,3,11
2011,2,20,0,0.5,77.1,3,11
2011,2,20,100,1.6,71.3,2,7
2011,2,20,200,1.1,74.1,2,6
2011,2,20,300,0.8,72.8,1,4
2011,2,20,400,1.2,72.7,1,1
2011,2,20,500,0.1,76.3,2,6
2011,2,20,600,-1.9,75.9,2,6
2011,2,20,700,-2.4,75.8,2,7
2011,2,20,800,-1.7,76.1,1,2
2011,2,20,900,-1,74.4,1,3
2011,2,20,1000,1,71.9,1,2
2011,2,20,1100,2.6,73.9,2,5
2011,2,20,1200,4.7,71.2,2,7
2011,2,20,1300,5.7,71.7,4,10
2011,2,20,1400,6,71.3,3,7
2011,2,20,1500,5.9,72.1,2,5
2011,2,20,1600,5.4,75,3,7
2011,2,20,1700,4.1,74.6,3,7
2011,2,20,1800,3.4,77.6,1,6
2011,2,20,1900,3,79.5,1,3
2011,2,20,2000,3.9,79.2,1,3
2011,2,20,2100,3.9,81.3,1,5
2011,2,20,2200,4.3,81.6,1,6
2011,2,20,2300,4.6,81.5,1,6
2011,2,21,0,5.1,82.6,2,11
2011,2,21,100,10.3,84.5,3,15
2011,2,21,200,16,81.8,5,31
2011,2,21,300,14.8,85.3,8,26
2011,2,21,400,13.7,87.3,9,24
2011,2,21,500,14.3,86.2,9,27
2011,2,21,600,14.6,85.6,12,30
2011,2,21,700,14.9,83.1,11,24
2011,2,21,800,15.5,78.4,11,23
2011,2,21,900,16.2,75.6,10,27
2011,2,21,1000,16.8,69.3,8,28
2011,2,21,1100,17.4,64.5,8,20
2011,2,21,1200,18.9,60.3,8,23
2011,2,21,1300,21.2,56.6,9,25
2011,2,21,1400,21.9,55.5,6,20
2011,2,21,1500,23.2,52.4,7,17
2011,2,21,1600,23.1,53.5,6,22
2011,2,21,1700,23,55.9,7,20
2011,2,21,1800,21.6,62,7,18
2011,2,21,1900,20.8,63.9,8,39
2011,2,21,2000,20.9,60.5,9,28
2011,2,21,2100,21.2,58.2,10,42
2011,2,21,2200,20.7,57.7,10,31
2011,2,21,2300,19.2,61.7,7,23
2011,2,22,0,17.9,61.8,6,17
2011,2,22,100,17.9,60,4,14
2011,2,22,200,19.5,53.9,5,16
2011,2,22,300,22.1,44.7,6,21
2011,2,22,400,21.8,45.5,7,23
2011,2,22,500,21.3,47.6,8,26
2011,2,22,600,20.8,52.6,8,22
2011,2,22,700,19.8,66,7,20
2011,2,22,800,20.2,65,5,16
2011,2,22,900,20.6,60.6,4,15
2011,2,22,1000,23,54,5,19
2011,2,22,1100,24.8,49.7,6,20
2011,2,22,1200,25.3,48.1,7,21
2011,2,22,1300,26.8,44.8,9,28
2011,2,22,1400,26.9,43.9,14,38
2011,2,22,1500,25.7,51.7,9,33
2011,2,22,1600,21.5,72.3,8,22
2011,2,22,1700,20.5,77.7,4,9
2011,2,22,1800,20,79.8,3,8
2011,2,22,1900,19.8,81.1,1,6
2011,2,22,2000,19.5,68,4,12
2011,2,22,2100,19.4,59.6,4,14
2011,2,22,2200,19.5,54.7,4,12
2011,2,22,2300,18.9,53.4,4,14
2011,2,23,0,18.6,57.8,2,10
2011,2,23,100,18.2,62,2,9
2011,2,23,200,18,61.6,2,7
2011,2,23,300,18,60.4,2,8
2011,2,23,400,16.7,69.6,3,11
2011,2,23,500,16.5,72.1,3,13
2011,2,23,600,16.9,65.9,4,16
2011,2,23,700,16.5,60.8,6,19
2011,2,23,800,16.3,57.4,5,17
2011,2,23,900,19.3,48.3,4,13
2011,2,23,1000,20,48.9,7,16
2011,2,23,1100,17.8,61.8,6,12
2011,2,23,1200,18,61.3,6,14
2011,2,23,1300,19.1,58,4,23
2011,2,23,1400,19.6,55.3,3,10
2011,2,23,1500,20,50.2,4,11
2011,2,23,1600,20,47.6,4,12
2011,2,23,1700,15.7,62.4,4,10
2011,2,23,1800,9.5,76.5,3,10
2011,2,23,1900,7.7,78.8,3,9
2011,2,23,2000,5.5,77.9,3,9
2011,2,23,2100,3.8,78.6,2,7
2011,2,23,2200,2.5,77.5,2,8
2011,2,23,2300,0.7,78.1,2,7
2011,2,24,0,-0.1,77.7,2,6
2011,2,24,100,-1.2,77.6,2,9
2011,2,24,200,-1.8,76.1,2,7
2011,2,24,300,-1.8,74.8,4,12
2011,2,24,400,-2.7,73.2,4,9
2011,2,24,500,-4.4,72.4,4,9
2011,2,24,600,-5.8,72.6,3,11
2011,2,24,700,-7.1,72.3,3,9
2011,2,24,800,-7.5,69.6,3,9
2011,2,24,900,-7,66.4,3,11
2011,2,24,1000,-4.8,63.1,3,12
2011,2,24,1100,-2.9,59.4,4,12
2011,2,24,1200,-3.9,60.7,4,12
2011,2,24,1300,-1.7,56.9,3,10
2011,2,24,1400,-1.7,56.8,3,11
2011,2,24,1500,-1.4,55.6,4,10
2011,2,24,1600,-2.5,57.7,3,10
2011,2,24,1700,-4.7,62.4,3,8
2011,2,24,1800,-6.7,68.5,2,6
2011,2,24,1900,-8.6,70.5,2,7
2011,2,24,2000,-9.8,70.7,1,5
2011,2,24,2100,-9.4,71.1,1,5
2011,2,24,2200,-12.8,70.7,1,4
2011,2,24,2300,-17.6,71.1,2,5
2011,2,25,0,-19.3,71,3,6
2011,2,25,100,-19.8,70.3,1,4
2011,2,25,200,-19.7,71,2,5
2011,2,25,300,-19.5,70.3,1,4
2011,2,25,400,-19.1,70.5,1,5
2011,2,25,500,-18.6,70.4,1,2
2011,2,25,600,-18,70.4,1,3
2011,2,25,700,-17.2,70.7,1,3
2011,2,25,800,-16,72.6,1,6
2011,2,25,900,-10.7,70.8,1,2
2011,2,25,1000,-4.9,64.9,2,5
2011,2,25,1100,-2.6,61.5,1,4
2011,2,25,1200,1.9,58.2,1,3
2011,2,25,1300,3.4,62.1,1,5
2011,2,25,1400,5.2,61.8,2,7
2011,2,25,1500,5.2,63.8,1,4
2011,2,25,1600,4.8,61.4,1,6
2011,2,25,1700,2.3,61.6,1,2
2011,2,25,1800,-1.9,69.2,1,4
2011,2,25,1900,-4.5,73.6,1,4
2011,2,25,2000,-3.1,74.5,2,5
2011,2,25,2100,-6.8,74.8,1,5
2011,2,25,2200,-10.4,74.8,1,3
2011,2,25,2300,-11.4,75.1,1,6
2011,2,26,0,-10.6,76.8,2,5
2011,2,26,100,-8.9,77.8,1,7
2011,2,26,200,-10.4,76.9,2,9
2011,2,26,300,-8.5,78.6,2,11
2011,2,26,400,-10.8,76.6,2,7
2011,2,26,500,-9.3,81,2,8
2011,2,26,600,-8.2,80.4,5,17
2011,2,26,700,-8,80.3,6,29
2011,2,26,800,-6.8,79.8,9,32
2011,2,26,900,-2.9,75.2,7,21
2011,2,26,1000,0.3,72.1,6,18
2011,2,26,1100,6.7,58.1,9,22
2011,2,26,1200,10.3,49.5,7,21
2011,2,26,1300,11.5,49.4,6,17
2011,2,26,1400,17.2,39.8,7,21
2011,2,26,1500,20.4,35.8,7,17
2011,2,26,1600,21.7,32.2,7,16
2011,2,26,1700,21.3,35.3,7,20
2011,2,26,1800,20.9,37,8,23
2011,2,26,1900,20.7,37.4,7,19
2011,2,26,2000,20.3,41.3,8,30
2011,2,26,2100,20.3,42.1,7,20
2011,2,26,2200,19.4,48.6,7,18
2011,2,26,2300,18.1,52.2,8,25
2011,2,27,0,17.3,51.8,9,23
2011,2,27,100,16.7,48.3,6,18
2011,2,27,200,16.6,53,6,25
2011,2,27,300,15.4,71,7,17
2011,2,27,400,14.6,76.4,6,15
2011,2,27,500,15.2,71.5,6,14
2011,2,27,600,15.4,64.7,7,18
2011,2,27,700,14.5,61.8,7,18
2011,2,27,800,13.5,58.4,5,16
2011,2,27,900,15.3,52.4,6,26
2011,2,27,1000,17.1,51.5,6,18
2011,2,27,1100,18.7,48.1,6,18
2011,2,27,1200,19.9,46.2,6,20
2011,2,27,1300,21.1,43.3,7,16
2011,2,27,1400,23.1,39.2,5,16
2011,2,27,1500,24.2,36.9,6,17
2011,2,27,1600,24.9,38.4,8,22
2011,2,27,1700,24.8,40.5,8,24
2011,2,27,1800,24.5,41.8,9,24
2011,2,27,1900,24.3,42.2,10,30
2011,2,27,2000,24.4,41.4,8,26
2011,2,27,2100,24.1,41.8,7,19
2011,2,27,2200,23.9,41.7,5,22
2011,2,27,2300,23.7,40.3,5,19
2011,2,28,0,23.5,39.3,6,22
2011,2,28,100,22.8,38.9,4,13
2011,2,28,200,21.4,41.9,3,15
2011,2,28,300,20,45.5,2,12
2011,2,28,400,17.4,52.1,2,9
2011,2,28,500,18.3,49.2,2,10
2011,2,28,600,20.2,45.2,3,11
2011,2,28,700,22.5,41.2,3,13
2011,2,28,800,23.6,40.4,5,23
2011,2,28,900,24.7,41,6,19
2011,2,28,1000,25.8,40.5,5,16
2011,2,28,1100,26.7,42.1,7,17
2011,2,28,1200,27.8,39.8,8,31
2011,2,28,1300,27.9,40.9,9,26
2011,2,28,1400,28.2,43,10,26
2011,2,28,1500,28.9,41.4,12,32
2011,2,28,1600,29.4,40.6,11,30
2011,2,28,1700,29.6,43.5,13,34
2011,2,28,1800,29.8,42.3,14,49
2011,2,28,1900,30,41.4,13,38
2011,2,28,2000,30.3,41.6,16,42
2011,2,28,2100,30.6,40.7,15,46
2011,2,28,2200,30.6,40.5,13,28
2011,2,28,2300,31,39.1,11,25
2011,3,1,0,31.1,39.3,8,21
2011,3,1,100,31.5,38.2,9,32
2011,3,1,200,31.8,38.8,12,36
2011,3,1,300,31.5,40.2,9,40
2011,3,1,400,31.5,39.8,12,33
2011,3,1,500,31.6,39.9,12,30
2011,3,1,600,31.5,40.7,13,36
2011,3,1,700,31.6,41.3,12,37
2011,3,1,800,31.7,41.8,10,28
2011,3,1,900,32.6,40.8,9,24
2011,3,1,1000,33.7,39.8,10,30
2011,3,1,1100,35.3,38.5,11,28
2011,3,1,1200,36.6,37.5,14,44
2011,3,1,1300,37.6,34.9,12,32
2011,3,1,1400,37.4,35.3,12,27
2011,3,1,1500,37.5,35.7,11,26
2011,3,1,1600,37.8,33.8,9,26
2011,3,1,1700,37.6,33.9,9,25
2011,3,1,1800,36.4,34.7,8,19
2011,3,1,1900,34,39.6,4,16
2011,3,1,2000,32.8,45.6,4,16
2011,3,1,2100,29.9,51.9,3,11
2011,3,1,2200,27.6,56.8,3,17
2011,3,1,2300,24.3,62.6,2,6
2011,3,2,0,22.9,66.7,2,5
2011,3,2,100,21.7,68.1,1,3
2011,3,2,200,20.5,69.4,3,5
2011,3,2,300,20,69.6,3,6
2011,3,2,400,19.9,69.3,3,6
2011,3,2,500,19.4,70.2,3,7
2011,3,2,600,18.2,71.9,3,7
2011,3,2,700,19.5,67.8,3,7
2011,3,2,800,22.5,59.3,3,7
2011,3,2,900,27.9,48.1,2,8
2011,3,2,1000,33.8,38,5,15
2011,3,2,1100,37.6,34.9,3,11
2011,3,2,1200,40.2,33.4,6,17
2011,3,2,1300,42.1,31.9,4,19
2011,3,2,1400,43.6,29.2,6,23
2011,3,2,1500,42.3,33.2,6,17
2011,3,2,1600,41.9,36.1,5,14
2011,3,2,1700,40.7,40.1,5,13
2011,3,2,1800,39.5,43.2,4,13
2011,3,2,1900,37.6,50.7,4,17
2011,3,2,2000,37.8,52.4,5,18
2011,3,2,2100,36.6,55.7,4,20
2011,3,2,2200,35.7,58.8,3,12
2011,3,2,2300,36,57.9,3,11
2011,3,3,0,35.9,56.5,3,15
2011,3,3,100,35.8,57.6,4,12
2011,3,3,200,33.8,69.4,3,11
2011,3,3,300,32.7,75.6,2,13
2011,3,3,400,33.9,66.1,4,15
2011,3,3,500,33.8,60,4,14
2011,3,3,600,34.4,55.7,3,10
2011,3,3,700,32.4,62.9,1,6
2011,3,3,800,32.7,68.4,4,13
2011,3,3,900,30.9,84.7,2,6
2011,3,3,1000,30.7,84.1,3,10
2011,3,3,1100,31,82.3,3,18
2011,3,3,1200,30.8,71.1,10,21
2011,3,3,1300,31.3,65.9,6,19
2011,3,3,1400,31.8,60.6,5,14
2011,3,3,1500,33.6,53.8,4,13
2011,3,3,1600,34.3,51,4,9
2011,3,3,1700,33.7,55.2,4,13
2011,3,3,1800,32.1,58,3,10
2011,3,3,1900,29.2,67,2,8
2011,3,3,2000,28.5,71.6,2,8
2011,3,3,2100,26.5,88,2,9
2011,3,3,2200,26.4,86.6,1,2
2011,3,3,2300,25.4,88.2,1,2
2011,3,4,0,24.5,89,1,2
2011,3,4,100,23.8,87.5,1,2
2011,3,4,200,23.1,88.9,1,3
2011,3,4,300,23.6,88.9,1,3
2011,3,4,400,18.3,87.6,2,6
2011,3,4,500,20,87,1,6
2011,3,4,600,19.9,85.7,1,3
2011,3,4,700,20.7,86.3,1,7
2011,3,4,800,24.5,74.1,4,12
2011,3,4,900,27,64.5,4,11
2011,3,4,1000,28.7,56.4,6,20
2011,3,4,1100,29.1,54,7,20
2011,3,4,1200,30.1,47.4,7,23
2011,3,4,1300,30.9,45.9,6,25
2011,3,4,1400,31.2,44.5,6,24
2011,3,4,1500,31.4,43.4,6,16
2011,3,4,1600,32.2,40.5,5,18
2011,3,4,1700,32,39.7,5,16
2011,3,4,1800,31.4,38.9,3,12
2011,3,4,1900,25.6,53.3,3,8
2011,3,4,2000,23.8,59.9,4,7
2011,3,4,2100,23.1,62.9,3,7
2011,3,4,2200,22.8,64.9,3,7
2011,3,4,2300,23.6,63.5,2,6
2011,3,5,0,25.1,59.4,2,6
2011,3,5,100,25.4,59,2,8
2011,3,5,200,27.9,53.1,3,11
2011,3,5,300,27.8,54,2,11
2011,3,5,400,28.3,53.3,3,14
2011,3,5,500,30.2,48.5,4,10
2011,3,5,600,30.5,49,3,9
2011,3,5,700,30.9,47.1,4,15
2011,3,5,800,30.3,59.4,6,18
2011,3,5,900,30.9,62.1,6,26
2011,3,5,1000,31.9,63.8,5,17
2011,3,5,1100,32.5,66.7,4,14
2011,3,5,1200,32.2,75.7,3,10
2011,3,5,1300,32.7,78,4,9
2011,3,5,1400,32.3,81,2,8
2011,3,5,1500,31.3,85.7,3,7
2011,3,5,1600,30.6,87.8,3,7
2011,3,5,1700,30.9,85.6,2,7
2011,3,5,1800,29.5,88.7,2,6
2011,3,5,1900,28.4,88.9,2,7
2011,3,5,2000,27.1,85.3,3,9
2011,3,5,2100,27.6,83.5,3,9
2011,3,5,2200,26.8,88.8,1,4
2011,3,5,2300,25.1,88.3,1,4
2011,3,6,0,24.1,89.3,1,2
2011,3,6,100,22.3,88,1,2
2011,3,6,200,23.1,87.8,1,5
2011,3,6,300,21.4,86.6,2,4
2011,3,6,400,19.8,86,2,5
2011,3,6,500,21.3,86.5,2,4
2011,3,6,600,22.6,87.9,1,3
2011,3,6,700,23.3,88.7,1,2
2011,3,6,800,24.7,86.3,1,4
2011,3,6,900,24.1,82.5,1,5
2011,3,6,1000,23.2,80.5,1,5
2011,3,6,1100,25.6,76.1,2,7
2011,3,6,1200,26,75.6,3,7
2011,3,6,1300,24,76.8,3,9
2011,3,6,1400,23.3,77.5,5,11
2011,3,6,1500,22.3,77.7,3,10
2011,3,6,1600,20.8,79.5,3,8
2011,3,6,1700,19.2,81,3,8
2011,3,6,1800,16.1,84.9,3,10
2011,3,6,1900,13.7,86.6,3,9
2011,3,6,2000,12.1,86.6,3,11
2011,3,6,2100,11.4,84.7,2,9
2011,3,6,2200,11.2,84.4,3,8
2011,3,6,2300,11.3,85.9,3,8
2011,3,7,0,10.8,86.4,2,9
2011,3,7,100,8.7,82.9,1,4
2011,3,7,200,6.7,83,1,5
2011,3,7,300,6.5,83.6,1,2
2011,3,7,400,4.9,82,1,2
2011,3,7,500,5.5,83.4,1,2
2011,3,7,600,5.4,84.7,1,3
2011,3,7,700,5.6,83.4,1,5
2011,3,7,800,6,79.8,1,2
2011,3,7,900,10.1,78,1,1
2011,3,7,1000,15.2,74.6,1,3
2011,3,7,1100,20.8,70.4,1,4
2011,3,7,1200,23.3,70.5,3,7
2011,3,7,1300,27.3,66.5,2,7
2011,3,7,1400,29.5,63.7,3,7
2011,3,7,1500,29.1,62.4,3,8
2011,3,7,1600,29.8,61.3,3,8
2011,3,7,1700,29.5,62.3,3,8
2011,3,7,1800,23.8,76.2,1,3
2011,3,7,1900,22.2,77.4,2,7
2011,3,7,2000,17.5,83.7,1,5
2011,3,7,2100,18.4,84.6,2,4
2011,3,7,2200,20.2,83.5,1,4
2011,3,7,2300,20.5,82.5,1,2
2011,3,8,0,19.4,84.9,0,1
2011,3,8,100,18.9,86.4,0,1
2011,3,8,200,19.6,86.7,1,1
2011,3,8,300,20.1,86.6,1,1
2011,3,8,400,20.9,86.8,1,6
2011,3,8,500,19.5,86.3,2,14
2011,3,8,600,19.2,86.2,3,10
2011,3,8,700,19.8,89.2,2,8
2011,3,8,800,20.4,89,3,10
2011,3,8,900,21.3,86.1,4,12
2011,3,8,1000,24.3,69.8,4,12
2011,3,8,1100,25.6,59.3,4,14
2011,3,8,1200,27,61.4,4,14
2011,3,8,1300,27.3,54.9,6,18
2011,3,8,1400,27.5,51,7,23
2011,3,8,1500,29.5,48.7,6,16
2011,3,8,1600,30,44.8,7,20
2011,3,8,1700,29.2,46,6,16
2011,3,8,1800,28.7,49.3,6,18
2011,3,8,1900,28.2,54.4,4,14
2011,3,8,2000,26.7,73.3,4,14
2011,3,8,2100,26.5,74.9,1,5
2011,3,8,2200,27.9,66,2,8
2011,3,8,2300,27.7,68.8,2,8
2011,3,9,0,27,72.2,3,10
2011,3,9,100,27.6,63,3,13
2011,3,9,200,27.5,59.5,5,18
2011,3,9,300,27.2,62.3,8,24
2011,3,9,400,27,58,5,20
2011,3,9,500,27.1,54.8,5,21
2011,3,9,600,27.2,53.2,4,16
2011,3,9,700,27.2,49.7,5,21
2011,3,9,800,27.7,44.8,4,15
2011,3,9,900,30.2,38.5,4,13
2011,3,9,1000,31,38.8,5,19
2011,3,9,1100,32.2,31.8,6,23
2011,3,9,1200,36.6,28.4,6,19
2011,3,9,1300,38.3,27.5,8,19
2011,3,9,1400,38.1,29.9,5,18
2011,3,9,1500,39.6,34,5,21
2011,3,9,1600,38.4,40.8,8,24
2011,3,9,1700,38.2,44.6,8,26
2011,3,9,1800,37.6,48.6,9,30
2011,3,9,1900,37.6,48.6,8,32
2011,3,9,2000,37.7,49.7,7,18
2011,3,9,2100,38,50.2,6,16
2011,3,9,2200,37.9,49.5,6,18
2011,3,9,2300,37.9,48.7,6,19
2011,3,10,0,38.5,47.6,9,24
2011,3,10,100,38.5,47.5,8,29
2011,3,10,200,38.7,46.6,10,29
2011,3,10,300,38.4,47,8,22
2011,3,10,400,38.6,46.2,6,16
2011,3,10,500,38,46.9,4,14
2011,3,10,600,38.6,44.6,3,11
2011,3,10,700,39.6,44.7,6,18
2011,3,10,800,40.6,43.6,3,12
2011,3,10,900,42.7,41.8,5,18
2011,3,10,1000,44.6,39.7,5,21
2011,3,10,1100,46.3,37,7,20
2011,3,10,1200,47,36.8,7,21
2011,3,10,1300,47,34.7,7,26
2011,3,10,1400,46.7,33.6,8,30
2011,3,10,1500,45.4,37,10,33
2011,3,10,1600,45.3,35.6,9,25
2011,3,10,1700,44.6,36.5,9,28
2011,3,10,1800,43.5,40,14,38
2011,3,10,1900,43.2,41.7,12,30
2011,3,10,2000,41.4,52.5,12,32
2011,3,10,2100,40,60.9,8,30
2011,3,10,2200,38.3,69.8,8,17
2011,3,10,2300,37.6,69.5,10,33
2011,3,11,0,29.4,88.5,11,36
2011,3,11,100,29.2,85.4,6,17
2011,3,11,200,29.6,80,4,13
2011,3,11,300,29.3,71.3,4,11
2011,3,11,400,28.4,69.5,3,17
2011,3,11,500,27.8,63.2,3,10
2011,3,11,600,26.9,62.7,2,13
2011,3,11,700,26.1,60.6,3,15
2011,3,11,800,27.3,54.5,5,17
2011,3,11,900,27.6,52.6,6,35
2011,3,11,1000,28.6,49.1,7,27
2011,3,11,1100,28.9,48.8,8,36
2011,3,11,1200,31.8,45.4,6,21
2011,3,11,1300,33.7,44,8,21
2011,3,11,1400,34.5,42.9,8,24
2011,3,11,1500,35,35.9,6,19
2011,3,11,1600,35.6,35.8,6,17
2011,3,11,1700,34.8,37.8,5,17
2011,3,11,1800,33,41.3,4,12
2011,3,11,1900,31.1,46.5,3,11
2011,3,11,2000,28.3,57.9,2,5
2011,3,11,2100,27.3,62.5,2,5
2011,3,11,2200,29.2,53.5,1,6
2011,3,11,2300,28.7,61.4,2,8
2011,3,12,0,26.8,79.5,1,4
2011,3,12,100,25.8,86.1,1,3
2011,3,12,200,25.2,85,1,2
2011,3,12,300,23.6,85.7,1,1
2011,3,12,400,24.6,86,1,2
2011,3,12,500,25.5,82.9,1,6
2011,3,12,600,24.6,80.7,2,9
2011,3,12,700,24.4,80.9,1,4
2011,3,12,800,24.9,77.5,1,5
2011,3,12,900,26,70.3,2,6
2011,3,12,1000,29.4,59.7,3,8
2011,3,12,1100,29.4,56.2,4,11
2011,3,12,1200,31.5,50.3,3,11
2011,3,12,1300,33.2,47.1,5,14
2011,3,12,1400,34.6,44.7,5,11
2011,3,12,1500,36.6,40.3,4,11
2011,3,12,1600,38.1,38.8,4,10
2011,3,12,1700,37.1,43.8,2,6
2011,3,12,1800,27.9,61.4,5,9
2011,3,12,1900,25.9,63,3,9
2011,3,12,2000,23.7,67.7,3,5
2011,3,12,2100,25,64.3,2,5
2011,3,12,2200,25.9,61.7,2,10
2011,3,12,2300,23.9,65.1,3,10
2011,3,13,0,23.1,65.4,3,8
2011,3,13,100,21.9,67.7,3,7
2011,3,13,300,0,0,0,0
2011,3,13,300,22.1,68.1,3,7
2011,3,13,400,22,68.2,3,7
2011,3,13,500,22.8,68.6,3,7
2011,3,13,600,24.7,65.3,2,6
2011,3,13,700,24.7,67.4,3,8
2011,3,13,800,26.2,68.8,2,7
2011,3,13,900,28.2,62.9,2,5
2011,3,13,1000,33,51.1,3,13
2011,3,13,1100,34.2,50.1,7,23
2011,3,13,1200,35.7,45.3,6,23
2011,3,13,1300,38.6,42.3,6,18
2011,3,13,1400,40.1,37.7,6,16
2011,3,13,1500,41.8,33.2,6,15
2011,3,13,1600,42.4,34.8,7,21
2011,3,13,1700,44.2,31.1,7,15
2011,3,13,1800,44.4,30.7,4,15
2011,3,13,1900,40.5,39.2,3,10
2011,3,13,2000,39.7,33.3,5,16
2011,3,13,2100,36.1,47.6,5,16
2011,3,13,2200,35.9,46.7,7,26
2011,3,13,2300,35.5,47.8,4,13
2011,3,14,0,37.9,47.2,7,25
2011,3,14,100,39.2,48.5,7,24
2011,3,14,200,39.7,48.5,7,25
2011,3,14,300,40.6,47.1,8,28
2011,3,14,400,41.4,45.8,7,28
2011,3,14,500,39.3,51.8,4,14
2011,3,14,600,36.8,58.4,4,12
2011,3,14,700,37.2,57.6,4,14
2011,3,14,800,37.5,63.6,8,23
2011,3,14,900,34.7,78.1,5,17
2011,3,14,1000,35.2,78.7,5,20
2011,3,14,1100,37.3,70,7,23
2011,3,14,1200,36.3,73.1,5,14
2011,3,14,1300,34.8,72.7,7,17
2011,3,14,1400,35.2,63.5,7,18
2011,3,14,1500,35.2,58.1,8,19
2011,3,14,1600,33.8,63.2,7,16
2011,3,14,1700,32.4,74.9,6,14
2011,3,14,1800,32.9,70.3,4,13
2011,3,14,1900,34.4,60.7,2,11
2011,3,14,2000,30.3,67.6,3,10
2011,3,14,2100,27.1,75,2,7
2011,3,14,2200,30.4,52.1,4,15
2011,3,14,2300,31.3,47.5,7,18
2011,3,15,0,30,50.9,3,12
2011,3,15,100,27.4,58.3,3,11
2011,3,15,200,26.1,63.2,3,10
2011,3,15,300,26.5,61.5,3,10
2011,3,15,400,30.1,52.2,4,14
2011,3,15,500,28.7,57.7,3,14
2011,3,15,600,27.1,60,3,11
2011,3,15,700,25.7,66.1,2,9
2011,3,15,800,28.5,60.3,2,10
2011,3,15,900,28.6,70.3,1,4
2011,3,15,1000,32.3,58,1,4
2011,3,15,1100,35.7,51.8,4,13
2011,3,15,1200,39.3,48.2,7,18
2011,3,15,1300,43.1,44.6,5,14
2011,3,15,1400,43.8,45.2,6,24
2011,3,15,1500,44.8,45.3,7,21
2011,3,15,1600,45.3,46.4,7,20
2011,3,15,1700,42.9,53.8,6,20
2011,3,15,1800,41,62.2,4,14
2011,3,15,1900,41.9,57.6,6,17
2011,3,15,2000,41.5,56.5,5,16
2011,3,15,2100,41.5,55,6,23
2011,3,15,2200,41.3,56,6,19
2011,3,15,2300,40.2,59,3,12
2011,3,16,0,40,59.5,4,18
2011,3,16,100,41.4,56.3,5,14
2011,3,16,200,40.7,59.7,5,14
2011,3,16,300,40.2,67.3,6,20
2011,3,16,400,39.6,70.9,7,24
2011,3,16,500,35.1,84.6,6,29
2011,3,16,600,33.3,89.6,4,15
2011,3,16,700,33.1,88,5,24
2011,3,16,800,31.9,92.3,2,7
2011,3,16,900,32,91.2,2,7
2011,3,16,1000,32.6,90.6,3,7
2011,3,16,1100,30.9,80.2,4,12
2011,3,16,1200,30.6,69.8,8,23
2011,3,16,1300,29.4,71.3,11,24
2011,3,16,1400,32.2,62.5,5,16
2011,3,16,1500,32.9,64,5,19
2011,3,16,1600,32,78.5,2,7
2011,3,16,1700,31.6,80.7,2,9
2011,3,16,1800,30.4,85,2,6
2011,3,16,1900,29,88.9,2,6
2011,3,16,2000,28.2,88.9,2,8
2011,3,16,2100,28.3,82.3,4,14
2011,3,16,2200,27.2,88.4,2,9
2011,3,16,2300,26.8,86,2,8
2011,3,17,0,26.1,83.5,4,11
2011,3,17,100,27.1,72.2,3,14
2011,3,17,200,26.9,72.7,4,11
2011,3,17,300,26.8,72.9,6,20
2011,3,17,400,26.7,75.1,6,15
2011,3,17,500,26.6,75.1,4,15
2011,3,17,600,26.5,75.7,4,11
2011,3,17,700,26.2,71,4,13
2011,3,17,800,24.8,75.1,2,7
2011,3,17,900,27.2,77.4,2,9
2011,3,17,1000,28.4,76.5,4,11
2011,3,17,1100,29.1,65.1,6,18
2011,3,17,1200,30.3,63.8,4,9
2011,3,17,1300,31.7,61.6,3,11
2011,3,17,1400,31.5,58.3,4,13
2011,3,17,1500,33.3,55.3,5,16
2011,3,17,1600,32.4,52.9,8,27
2011,3,17,1700,32.1,51.5,8,19
2011,3,17,1800,30.3,48.6,8,22
2011,3,17,1900,28.7,57.6,6,23
2011,3,17,2000,27.3,61.1,5,16
2011,3,17,2100,26.3,56.8,4,13
2011,3,17,2200,23.5,62,3,12
2011,3,17,2300,23,66.9,4,11
2011,3,18,0,23.7,70.2,3,10
2011,3,18,100,21.8,77.2,2,6
2011,3,18,200,22.3,76.7,3,5
2011,3,18,300,22.7,75.8,3,7
2011,3,18,400,22.4,75.7,2,6
2011,3,18,500,22,72.1,3,8
2011,3,18,600,19.8,79.3,2,7
2011,3,18,700,17.2,83.1,1,5
2011,3,18,800,15.6,85.5,1,6
2011,3,18,900,18.8,79.8,1,4
2011,3,18,1000,24.8,68.7,1,7
2011,3,18,1100,29.6,58.1,1,4
2011,3,18,1200,33,52.3,1,4
2011,3,18,1300,34.8,48.3,1,3
2011,3,18,1400,35.1,47.9,1,3
2011,3,18,1500,37.5,44.4,1,5
2011,3,18,1600,38.6,41,1,4
2011,3,18,1700,38,47.1,1,5
2011,3,18,1800,35.8,55.1,1,2
2011,3,18,1900,33.2,70.4,2,6
2011,3,18,2000,30,74.6,3,6
2011,3,18,2100,28.3,74.2,3,7
2011,3,18,2200,24.9,82,3,5
2011,3,18,2300,22.7,82.3,4,7
2011,3,19,0,22.9,84.1,3,6
2011,3,19,100,23.4,83.4,3,6
2011,3,19,200,22.2,85.3,3,6
2011,3,19,300,22.5,79.9,3,5
2011,3,19,400,21.8,81.7,3,6
2011,3,19,500,22.4,81.3,2,6
2011,3,19,600,23.4,80.4,2,4
2011,3,19,700,25.3,80.3,2,5
2011,3,19,800,26.9,77.5,1,4
2011,3,19,900,27.8,73.5,2,5
2011,3,19,1000,30.2,73.6,1,4
2011,3,19,1100,35.1,59.8,1,5
2011,3,19,1200,39.6,45.6,2,13
2011,3,19,1300,42.2,42.1,4,14
2011,3,19,1400,42.8,42.2,3,9
2011,3,19,1500,43.2,41,4,12
2011,3,19,1600,40.9,47.1,5,19
2011,3,19,1700,40.8,44.8,4,20
2011,3,19,1800,39.1,41.1,5,14
2011,3,19,1900,32.9,67.1,9,35
2011,3,19,2000,27.8,85.3,12,49
2011,3,19,2100,26.7,86.9,5,17
2011,3,19,2200,26.4,86.4,5,12
2011,3,19,2300,27.3,73.8,4,15
2011,3,20,0,27.3,63.4,4,15
2011,3,20,100,25.7,70.3,2,16
2011,3,20,200,26.4,69.9,2,7
2011,3,20,300,24.8,70.4,2,8
2011,3,20,400,23.6,68.6,3,12
2011,3,20,500,19.1,76.2,3,9
2011,3,20,600,21.3,68.1,3,10
2011,3,20,700,18.3,73.6,3,11
2011,3,20,800,18,70.3,3,15
2011,3,20,900,18.6,76.9,2,7
2011,3,20,1000,24.7,62.9,2,8
2011,3,20,1100,30.6,43.2,2,7
2011,3,20,1200,34.6,33.1,3,10
2011,3,20,1300,37.1,33.7,4,11
2011,3,20,1400,39.4,30.7,4,13
2011,3,20,1500,40.2,27.3,4,12
2011,3,20,1600,40.9,30.7,5,15
2011,3,20,1700,41.4,30.9,5,14
2011,3,20,1800,40.8,35,3,13
2011,3,20,1900,38.9,42,2,6
2011,3,20,2000,37.4,50.7,3,10
2011,3,20,2100,36.6,53.5,3,9
2011,3,20,2200,34.8,63.3,2,8
2011,3,20,2300,35,61.8,4,8
2011,3,21,0,33.9,66.6,3,8
2011,3,21,100,34.3,66.5,4,9
2011,3,21,200,34.1,69.3,3,9
2011,3,21,300,33.8,71.9,4,10
2011,3,21,400,33.1,74.4,3,7
2011,3,21,500,32.5,76.2,3,9
2011,3,21,600,32.2,78.3,3,7
2011,3,21,700,31.8,77.1,4,9
2011,3,21,800,32.5,75.1,3,8
2011,3,21,900,33.1,73.6,1,6
2011,3,21,1000,37.5,60.6,1,6
2011,3,21,1100,41.4,53.4,2,6
2011,3,21,1200,43.8,46.2,3,10
2011,3,21,1300,45,40.4,3,9
2011,3,21,1400,45,40,3,9
2011,3,21,1500,44.5,42,3,10
2011,3,21,1600,43.8,45.3,3,8
2011,3,21,1700,42.1,50.1,2,10
2011,3,21,1800,36.5,75,3,10
2011,3,21,1900,34.5,84.5,2,7
2011,3,21,2000,33.6,85.9,1,4
2011,3,21,2100,32.3,83.2,3,6
2011,3,21,2200,33.2,77.4,2,9
2011,3,21,2300,33.1,77.1,2,5
2011,3,22,0,32.9,78,2,5
2011,3,22,100,32.3,82.2,1,5
2011,3,22,200,31.2,88.6,1,4
2011,3,22,300,31,90.4,1,2
2011,3,22,400,30.4,91,2,5
2011,3,22,500,28.8,90.7,2,6
2011,3,22,600,28.3,91.3,3,10
2011,3,22,700,28.1,91.2,2,5
2011,3,22,800,27.3,89.2,2,5
2011,3,22,900,27.4,88,1,6
2011,3,22,1000,28,84.8,6,19
2011,3,22,1100,28.2,76.9,10,21
2011,3,22,1200,28.5,77.1,8,19
2011,3,22,1300,28.7,77.4,5,20
2011,3,22,1400,29.7,73.2,5,15
2011,3,22,1500,29.2,76,10,25
2011,3,22,1600,30.1,74.8,8,22
2011,3,22,1700,30.2,75.4,7,20
2011,3,22,1800,30.7,73.3,6,15
2011,3,22,1900,30.7,74.8,6,15
2011,3,22,2000,30.1,76.3,6,18
2011,3,22,2100,29.9,73.9,7,18
2011,3,22,2200,29.7,72.5,6,17
2011,3,22,2300,29.1,74.1,4,12
2011,3,23,0,28.5,74.1,3,12
2011,3,23,100,27.7,71.1,3,14
2011,3,23,200,26.4,73.2,2,9
2011,3,23,300,24.2,86,1,3
2011,3,23,400,24.4,86.7,1,4
2011,3,23,500,24.7,84.9,1,4
2011,3,23,600,24.2,85.1,1,3
2011,3,23,700,23.7,85.7,1,2
2011,3,23,800,22.5,85.5,1,2
2011,3,23,900,26.8,75.3,2,7
2011,3,23,1000,29.5,68.5,4,9
2011,3,23,1100,32.1,62.8,4,9
2011,3,23,1200,32.1,58.1,4,12
2011,3,23,1300,34.1,54.3,2,12
2011,3,23,1400,35.5,52.7,2,6
2011,3,23,1500,37.2,50.2,4,10
2011,3,23,1600,36.5,55.8,2,7
2011,3,23,1700,37.6,55.1,2,9
2011,3,23,1800,36.1,54.1,2,7
2011,3,23,1900,30.7,66.6,3,8
2011,3,23,2000,27.5,75,1,3
2011,3,23,2100,24.8,78.2,1,4
2011,3,23,2200,21.3,82.6,1,4
2011,3,23,2300,20.4,83.2,2,5
2011,3,24,0,19.6,86.9,1,5
2011,3,24,100,21.7,90.3,2,7
2011,3,24,200,22,90.1,2,7
2011,3,24,300,21.9,89.9,2,7
2011,3,24,400,21.7,89.8,2,7
2011,3,24,500,21.2,88.7,1,5
2011,3,24,600,21.5,90.1,1,5
2011,3,24,700,21.9,90,1,5
2011,3,24,800,22.9,86.8,1,5
2011,3,24,900,23.4,85.8,4,12
2011,3,24,1000,24.5,83.9,4,11
2011,3,24,1100,28.1,73.9,5,12
2011,3,24,1200,32.1,64.6,3,9
2011,3,24,1300,35.1,58.7,3,9
2011,3,24,1400,36.4,57.6,4,13
2011,3,24,1500,36.2,57.1,4,13
2011,3,24,1600,37,52.1,5,12
2011,3,24,1700,36.8,55.4,3,11
2011,3,24,1800,35.6,56.1,3,9
2011,3,24,1900,32.3,62.6,2,8
2011,3,24,2000,29.7,70,2,7
2011,3,24,2100,27,79.6,2,5
2011,3,24,2200,24.9,84.6,1,4
2011,3,24,2300,24.5,86.2,1,5
2011,3,25,0,24,87,1,2
2011,3,25,100,22.6,91.1,1,4
2011,3,25,200,23.1,89.7,1,4
2011,3,25,300,20.2,86.1,1,2
2011,3,25,400,18.3,88,1,3
2011,3,25,500,17.6,87.5,1,1
2011,3,25,600,19.8,90.3,1,3
2011,3,25,700,20.4,87.4,1,3
2011,3,25,800,21.5,88,1,1
2011,3,25,900,24.4,84.5,0,1
2011,3,25,1000,25.7,82.7,1,4
2011,3,25,1100,27.2,80.1,2,5
2011,3,25,1200,30.2,75.6,3,6
2011,3,25,1300,34.5,67.6,4,9
2011,3,25,1400,36.6,65.9,3,8
2011,3,25,1500,36.5,69.1,3,7
2011,3,25,1600,36.9,67,2,6
2011,3,25,1700,35.2,72.5,3,7
2011,3,25,1800,34.1,76.6,2,6
2011,3,25,1900,31.9,81.8,4,14
2011,3,25,2000,30.3,75.1,7,25
2011,3,25,2100,30.5,59.4,5,18
2011,3,25,2200,26.2,68.9,3,13
2011,3,25,2300,21,79.1,3,6
2011,3,26,0,19.4,83,3,6
2011,3,26,100,18.3,81.8,3,7
2011,3,26,200,17.3,83.8,3,7
2011,3,26,300,16.3,82.3,4,9
2011,3,26,400,15.3,84.7,3,6
2011,3,26,500,14.9,84.8,3,5
2011,3,26,600,16.2,84.4,3,7
2011,3,26,700,17.4,85,3,6
2011,3,26,800,19.3,81.8,2,5
2011,3,26,900,23.9,75.3,2,5
2011,3,26,1000,29.6,61.4,3,10
2011,3,26,1100,33.3,55.1,4,8
2011,3,26,1200,35.5,49.3,4,9
2011,3,26,1300,37.3,45.4,5,16
2011,3,26,1400,37.7,46.3,4,13
2011,3,26,1500,37.2,47.9,4,13
2011,3,26,1600,37.1,52.4,3,9
2011,3,26,1700,37.6,50.4,5,13
2011,3,26,1800,36.8,51.1,3,10
2011,3,26,1900,32.4,60.3,2,6
2011,3,26,2000,27.5,71.3,2,5
2011,3,26,2100,24.9,74.2,3,5
2011,3,26,2200,23.8,76,2,5
2011,3,26,2300,24.5,78,2,5
2011,3,27,0,26.9,78.7,2,8
2011,3,27,100,27.9,80.1,1,4
2011,3,27,200,28.3,82.4,2,6
2011,3,27,300,27.2,83.3,1,3
2011,3,27,400,26.5,85,1,3
2011,3,27,500,26.5,86.7,1,1
2011,3,27,600,25.5,86.7,1,2
2011,3,27,700,24.3,86,1,3
2011,3,27,800,22.6,85.7,2,3
2011,3,27,900,26.5,82.6,1,6
2011,3,27,1000,28.6,83,2,5
2011,3,27,1100,29.4,83.6,1,3
2011,3,27,1200,32.4,78.5,1,3
2011,3,27,1300,34.5,72.2,2,9
2011,3,27,1400,36.5,60.5,4,11
2011,3,27,1500,35.4,62.8,4,11
2011,3,27,1600,34.7,71.1,3,8
2011,3,27,1700,34.9,63.7,4,13
2011,3,27,1800,32.9,67.2,6,16
2011,3,27,1900,31.7,78.6,3,8
2011,3,27,2000,30.1,88,3,8
2011,3,27,2100,29.3,90.8,4,11
2011,3,27,2200,28.8,91.2,3,9
2011,3,27,2300,28.3,92,4,9
2011,3,28,0,28,92.6,4,9
2011,3,28,100,27.9,90.7,3,9
2011,3,28,200,27,91.9,4,8
2011,3,28,300,26.9,91.2,4,9
2011,3,28,400,27.1,90.2,1,5
2011,3,28,500,26.8,89.7,1,4
2011,3,28,600,26.8,90.6,1,5
2011,3,28,700,26.5,91.3,1,3
2011,3,28,800,26.4,90.9,2,4
2011,3,28,900,27.3,87.6,1,4
2011,3,28,1000,29,84.3,3,7
2011,3,28,1100,31.1,81,4,8
2011,3,28,1200,32.3,76.9,3,8
2011,3,28,1300,32.8,69.8,4,14
2011,3,28,1400,31.7,66.2,5,18
2011,3,28,1500,34.8,61.5,5,13
2011,3,28,1600,36.9,60.3,3,13
2011,3,28,1700,33,65.4,10,22
2011,3,28,1800,32.4,67.9,5,15
2011,3,28,1900,29.1,85.3,2,8
2011,3,28,2000,28.4,85.8,2,8
2011,3,28,2100,26.9,84,1,5
2011,3,28,2200,26.2,85,1,5
2011,3,28,2300,27,86.5,2,5
2011,3,29,0,27.6,86.1,2,10
2011,3,29,100,27.1,87,2,9
2011,3,29,200,27.5,85.3,2,8
2011,3,29,300,27.9,81.9,2,8
2011,3,29,400,27.4,80.7,1,7
2011,3,29,500,27.4,79.6,2,7
2011,3,29,600,27.5,76,3,10
2011,3,29,700,26.3,76.3,3,10
2011,3,29,800,23.2,77.3,3,8
2011,3,29,900,27.1,74.2,3,9
2011,3,29,1000,29.2,63.1,3,9
2011,3,29,1100,32.7,52.5,4,9
2011,3,29,1200,35.7,44.3,6,17
2011,3,29,1300,37.8,37.5,5,14
2011,3,29,1400,38.1,37.9,6,16
2011,3,29,1500,37.6,41.1,6,24
2011,3,29,1600,37.5,39.4,5,15
2011,3,29,1700,35.8,44.4,7,20
2011,3,29,1800,32.9,59,6,20
2011,3,29,1900,30,74.8,5,15
2011,3,29,2000,29.6,79.3,2,8
2011,3,29,2100,28.6,83.5,1,5
2011,3,29,2200,28.6,85.3,1,5
2011,3,29,2300,28.9,85.2,1,5
2011,3,30,0,28.7,87,1,6
2011,3,30,100,28.9,89,1,4
2011,3,30,200,29.2,85.4,2,5
2011,3,30,300,29,86,2,8
2011,3,30,400,28.6,87.6,1,6
2011,3,30,500,28.6,88.9,1,4
2011,3,30,600,29.3,88.3,1,4
2011,3,30,700,29.1,89.5,2,6
2011,3,30,800,29.4,88.5,2,6
2011,3,30,900,30.1,85.4,2,9
2011,3,30,1000,32.5,76.8,3,10
2011,3,30,1100,34.9,69.7,5,14
2011,3,30,1200,36.5,65.8,5,17
2011,3,30,1300,39.2,60.6,4,13
2011,3,30,1400,40.2,59.8,4,14
2011,3,30,1500,40.3,65.1,4,14
2011,3,30,1600,38.7,74.3,3,11
2011,3,30,1700,35.8,85.6,3,8
2011,3,30,1800,36.7,84.3,4,11
2011,3,30,1900,38.6,77.5,3,15
2011,3,30,2000,40.9,67.5,4,12
2011,3,30,2100,41.4,64.7,4,12
2011,3,30,2200,40.2,69.1,4,16
2011,3,30,2300,38.3,75.9,4,11
2011,3,31,0,38.4,75,4,11
2011,3,31,100,39.8,69.7,3,14
2011,3,31,200,39.1,72.5,4,14
2011,3,31,300,39.8,68.8,5,13
2011,3,31,400,37.6,77.8,2,7
2011,3,31,500,36.9,81.3,3,6
2011,3,31,600,37.1,79.5,2,6
2011,3,31,700,38.2,74.4,2,7
2011,3,31,800,37.7,76.9,2,7
2011,3,31,900,40.2,66.1,3,12
2011,3,31,1000,42.1,58.6,3,14
2011,3,31,1100,42.7,55.6,4,12
2011,3,31,1200,43.3,55.1,4,18
2011,3,31,1300,44.1,53.5,3,15
2011,3,31,1400,44.3,53.3,3,16
2011,3,31,1500,44.2,54.9,2,12
2011,3,31,1600,45.3,51.4,3,12
2011,3,31,1700,44.8,53.1,4,17
2011,3,31,1800,45.1,50.9,3,14
2011,3,31,1900,44.6,52.6,4,14
2011,3,31,2000,44.2,53.3,3,17
2011,3,31,2100,43.1,56.6,5,18
2011,3,31,2200,42.4,58.6,5,15
2011,3,31,2300,42.2,58.8,4,11
2011,4,1,0,41.7,60.2,4,14
2011,4,1,100,41.5,60.6,4,13
2011,4,1,200,41.3,61.3,4,15
2011,4,1,300,40.9,62.3,4,12
2011,4,1,400,40.9,61.4,4,15
2011,4,1,500,40.2,63.5,5,15
2011,4,1,600,39.5,66.1,6,18
2011,4,1,700,39,66,5,14
2011,4,1,800,38.8,67,4,10
2011,4,1,900,38.5,69.4,3,11
2011,4,1,1000,39.1,70.2,1,4
2011,4,1,1100,41.8,59.2,2,8
2011,4,1,1200,45.1,52.7,6,15
2011,4,1,1300,45.2,52.4,5,17
2011,4,1,1400,46.5,51.5,4,15
2011,4,1,1500,47.8,47.4,6,15
2011,4,1,1600,48.3,47.7,6,16
2011,4,1,1700,47.5,50.4,5,9
2011,4,1,1800,48.4,45.7,5,13
2011,4,1,1900,44.6,55.2,2,10
2011,4,1,2000,40,64.7,3,6
2011,4,1,2100,37.9,65.6,3,8
2011,4,1,2200,37.8,65.3,3,9
2011,4,1,2300,37.8,66.1,4,9
2011,4,2,0,36.9,69.4,3,7
2011,4,2,100,35.8,74,2,5
2011,4,2,200,38.8,62.6,3,12
2011,4,2,300,40.9,56.3,2,6
2011,4,2,400,42.7,49.4,2,8
2011,4,2,500,42.2,50.8,3,10
2011,4,2,600,43.7,43.5,4,13
2011,4,2,700,42.4,49.4,3,12
2011,4,2,800,39.9,58.9,2,6
2011,4,2,900,40.4,60.4,2,5
2011,4,2,1000,43,55.3,2,7
2011,4,2,1100,46.6,43.3,5,16
2011,4,2,1200,48.7,38.4,6,16
2011,4,2,1300,49.2,37.4,7,24
2011,4,2,1400,48.2,43,12,35
2011,4,2,1500,45.5,54.3,11,40
2011,4,2,1600,37.8,81.7,7,24
2011,4,2,1700,35.4,79.7,7,23
2011,4,2,1800,34,85.9,4,11
2011,4,2,1900,33,89,3,11
2011,4,2,2000,31.2,80.4,8,26
2011,4,2,2100,30.4,56.2,9,32
2011,4,2,2200,29.1,52.5,10,26
2011,4,2,2300,28,52.4,9,27
2011,4,3,0,26.9,58.1,5,15
2011,4,3,100,26.8,57.1,4,10
2011,4,3,200,25.9,61,5,18
2011,4,3,300,24.9,63.5,7,19
2011,4,3,400,24.3,68.2,6,24
2011,4,3,500,23.9,71.6,6,17
2011,4,3,600,23.7,74,5,14
2011,4,3,700,22.6,79.7,6,18
2011,4,3,800,23.2,82.1,1,6
2011,4,3,900,24.4,73.8,1,6
2011,4,3,1000,0,0,0,0
2011,4,3,1100,0,0,0,0
2011,4,3,1200,28.8,55.5,5,15
2011,4,3,1300,28.3,57.3,4,14
2011,4,3,1400,29.2,58.7,6,14
2011,4,3,1500,30,69.8,3,12
2011,4,3,1600,28.1,65.5,3,9
2011,4,3,1700,28.6,64.7,7,16
2011,4,3,1800,28.3,69.1,1,5
2011,4,3,1900,28.9,66.9,1,6
2011,4,3,2000,25.4,80.2,2,7
2011,4,3,2100,20,84.4,1,5
2011,4,3,2200,19.6,86.3,1,4
2011,4,3,2300,20.9,85.6,1,4
2011,4,4,0,22.6,84.9,1,5
2011,4,4,100,22.9,85.1,1,4
2011,4,4,200,22.4,86.4,1,5
2011,4,4,300,23.5,83.5,2,6
2011,4,4,400,24.2,78.5,2,8
2011,4,4,500,23.8,73.6,2,6
2011,4,4,600,23.6,72.6,1,6
2011,4,4,700,24.1,64.8,3,10
2011,4,4,800,25,62.8,2,11
2011,4,4,900,26.6,56.9,4,18
2011,4,4,1000,28.7,48.4,5,16
2011,4,4,1100,30.8,44.4,5,19
2011,4,4,1200,32.7,45.9,8,30
2011,4,4,1300,35.6,44.6,10,30
2011,4,4,1400,36.4,46,10,28
2011,4,4,1500,36.6,48.4,10,33
2011,4,4,1600,37.6,47.3,9,23
2011,4,4,1700,37.7,50.9,8,28
2011,4,4,1800,37.6,53.4,11,26
2011,4,4,1900,37.2,56.8,10,26
2011,4,4,2000,37.3,57.1,9,24
2011,4,4,2100,37.1,60.2,10,35
2011,4,4,2200,37.7,59,9,26
2011,4,4,2300,38.3,58.1,8,24
2011,4,5,0,38.5,58.2,9,22
2011,4,5,100,39,58.6,8,28
2011,4,5,200,39.2,59,11,40
2011,4,5,300,39.8,56.7,8,23
2011,4,5,400,40.1,56.2,9,29
2011,4,5,500,39.8,58.1,8,29
2011,4,5,600,40,56.5,8,28
2011,4,5,700,40,55.9,6,23
2011,4,5,800,34.2,82.8,7,17
2011,4,5,900,32.5,85.4,7,24
2011,4,5,1000,32.5,79.2,12,36
2011,4,5,1100,32,81.3,7,27
2011,4,5,1200,32.7,79.5,4,13
2011,4,5,1300,33.2,78.9,5,11
2011,4,5,1400,32.5,84.7,5,13
2011,4,5,1500,36.5,61.8,5,13
2011,4,5,1600,37.3,54,5,13
2011,4,5,1700,37.7,51.4,6,19
2011,4,5,1800,36.1,53.1,7,21
2011,4,5,1900,33.9,52.5,9,24
2011,4,5,2000,32.4,47.9,9,26
2011,4,5,2100,30.8,49.1,7,25
2011,4,5,2200,29.6,45.9,6,21
2011,4,5,2300,28.5,46.7,6,15
2011,4,6,0,25.7,56.9,4,12
2011,4,6,100,22.3,65.5,3,10
2011,4,6,200,25.6,56.4,5,16
2011,4,6,300,26.2,53.1,5,17
2011,4,6,400,25.2,54.6,4,13
2011,4,6,500,23.3,57.1,3,15
2011,4,6,600,22.5,60.5,3,10
2011,4,6,700,25.2,58.1,2,9
2011,4,6,800,26.1,56.1,4,14
2011,4,6,900,30.4,49.4,6,13
2011,4,6,1000,32,45.5,7,20
2011,4,6,1100,34.6,40,8,24
2011,4,6,1200,35.2,41.9,8,21
2011,4,6,1300,34.7,44.9,8,24
2011,4,6,1400,34.9,44.2,8,18
2011,4,6,1500,36,42.7,5,20
2011,4,6,1600,35,49.5,6,21
2011,4,6,1700,34.8,47,5,16
2011,4,6,1800,31.6,74.8,6,20
2011,4,6,1900,28.8,90.4,4,9
2011,4,6,2000,28.5,90.4,3,9
2011,4,6,2100,28.2,89.9,4,13
2011,4,6,2200,27.7,88,1,7
2011,4,6,2300,24.5,89.8,1,3
2011,4,7,0,20.9,88.3,3,6
2011,4,7,100,20.4,88.2,3,7
2011,4,7,200,22.6,86.2,3,7
2011,4,7,300,22.7,87.2,2,4
2011,4,7,400,21.5,87.1,2,5
2011,4,7,500,21.7,86.5,3,6
2011,4,7,600,23.2,87.7,1,4
2011,4,7,700,23.7,88.1,0,1
2011,4,7,800,24.1,86.8,1,2
2011,4,7,900,26.9,82.9,1,5
2011,4,7,1000,29.1,78.6,1,5
2011,4,7,1100,30.2,76.5,2,7
2011,4,7,1200,31.3,74.8,2,5
2011,4,7,1300,31.2,75.5,2,7
2011,4,7,1400,30.9,76.7,3,10
2011,4,7,1500,31.4,75.5,3,10
2011,4,7,1600,31.3,77.5,3,10
2011,4,7,1700,31.2,80.1,3,8
2011,4,7,1800,30.1,83,3,9
2011,4,7,1900,29.5,84.1,2,7
2011,4,7,2000,28.3,86.8,3,9
2011,4,7,2100,27.4,87.1,2,8
2011,4,7,2200,27.3,86.5,2,6
2011,4,7,2300,27.2,87.1,2,8
2011,4,8,0,26.7,87.7,2,9
2011,4,8,100,26.3,88.1,3,9
2011,4,8,200,26.1,87.9,2,7
2011,4,8,300,25.9,87.7,2,7
2011,4,8,400,25.6,87.4,2,7
2011,4,8,500,25.4,87.5,2,8
2011,4,8,600,24.5,87.4,2,9
2011,4,8,700,24,87.2,3,9
2011,4,8,800,24,86.2,2,7
2011,4,8,900,24.6,84,2,8
2011,4,8,1000,25.7,82.1,2,9
2011,4,8,1100,27.7,80.4,2,8
2011,4,8,1200,29.2,77.4,2,7
2011,4,8,1300,31.3,71.9,3,14
2011,4,8,1400,32,69.6,5,14
2011,4,8,1500,31.5,69.6,4,12
2011,4,8,1600,32,67.5,4,11
2011,4,8,1700,30.9,73.2,1,6
2011,4,8,1800,31,76.1,1,5
2011,4,8,1900,29.2,81.9,1,4
2011,4,8,2000,27.1,84.9,1,3
2011,4,8,2100,25.5,86.2,1,4
2011,4,8,2200,24.1,86,1,4
2011,4,8,2300,24.7,86.6,1,2
2011,4,9,0,25.7,86.2,1,4
2011,4,9,100,24.7,87.9,2,9
2011,4,9,200,24.4,86.3,2,6
2011,4,9,300,23.4,86.1,1,5
2011,4,9,400,19.1,88.1,1,3
2011,4,9,500,20.8,88.4,1,3
2011,4,9,600,23.3,88.1,1,4
2011,4,9,700,22.4,89.2,1,3
2011,4,9,800,20.8,86.6,1,3
2011,4,9,900,25.1,83.3,1,5
2011,4,9,1000,29.7,75.3,1,4
2011,4,9,1100,31.5,73.4,3,7
2011,4,9,1200,32.4,74.5,4,10
2011,4,9,1300,33.2,77.2,5,9
2011,4,9,1400,34.2,76.5,3,11
2011,4,9,1500,35.2,75.5,4,10
2011,4,9,1600,36.4,73.3,4,9
2011,4,9,1700,37.1,70.4,3,8
2011,4,9,1800,35.6,72.8,2,8
2011,4,9,1900,33.7,77.2,1,4
2011,4,9,2000,32.7,80.5,1,6
2011,4,9,2100,29.5,84.4,2,6
2011,4,9,2200,27.3,86.9,2,10
2011,4,9,2300,28.5,87.6,1,5
2011,4,10,0,27.4,87.4,1,6
2011,4,10,100,28.7,85.5,1,5
2011,4,10,200,28.3,86.6,1,9
2011,4,10,300,27.8,85.2,3,9
2011,4,10,400,28.1,75,4,11
2011,4,10,500,27.8,72.6,8,27
2011,4,10,600,27.6,69.9,9,22
2011,4,10,700,27,73.9,9,22
2011,4,10,800,26.9,77.1,9,32
2011,4,10,900,27,77.6,6,29
2011,4,10,1000,27.5,76.9,7,26
2011,4,10,1100,29.5,70.7,7,21
2011,4,10,1200,32.5,64.1,6,20
2011,4,10,1300,33.7,65.1,7,33
2011,4,10,1400,34.8,63.2,6,22
2011,4,10,1500,36.3,56.3,7,26
2011,4,10,1600,37.1,53.9,7,26
2011,4,10,1700,38.5,49.5,6,26
2011,4,10,1800,39.9,49.1,6,15
2011,4,10,1900,40,48.1,4,11
2011,4,10,2000,35,61.6,3,9
2011,4,10,2100,37.2,51.2,4,15
2011,4,10,2200,36.7,55.3,4,12
2011,4,10,2300,34,67.7,2,7
2011,4,11,0,35.6,67.1,2,10
2011,4,11,100,34.1,73,2,9
2011,4,11,200,34,73,2,7
2011,4,11,300,35,69.3,1,8
2011,4,11,400,35.4,65.1,3,10
2011,4,11,500,34.8,66.9,2,9
2011,4,11,600,36.4,61.4,3,11
2011,4,11,700,37.8,55.3,10,26
2011,4,11,800,39.2,50,5,26
2011,4,11,900,40.7,48.8,6,15
2011,4,11,1000,41.5,47.8,6,16
2011,4,11,1100,43.6,45,6,22
2011,4,11,1200,45.9,39.4,6,17
2011,4,11,1300,46.4,38,8,24
2011,4,11,1400,47.5,37,10,27
2011,4,11,1500,48.2,34.2,7,22
2011,4,11,1600,47.3,37.4,6,18
2011,4,11,1700,46.9,39.8,6,22
2011,4,11,1800,45.2,44.2,12,38
2011,4,11,1900,40.4,68.1,7,23
2011,4,11,2000,39.3,69.8,5,18
2011,4,11,2100,39.7,65.5,8,20
2011,4,11,2200,38.2,72.6,5,14
2011,4,11,2300,34.7,83.4,4,10
2011,4,12,0,33.2,78.6,4,15
2011,4,12,100,31.3,84.9,4,12
2011,4,12,200,31.5,75.7,4,11
2011,4,12,300,31,76,3,9
2011,4,12,400,30.3,73.7,2,10
2011,4,12,500,28,77,2,12
2011,4,12,600,26.2,75.8,3,7
2011,4,12,700,25.2,77.5,4,10
2011,4,12,800,26.3,73.5,2,6
2011,4,12,900,28.8,70.6,2,5
2011,4,12,1000,30.9,69.2,2,5
2011,4,12,1100,32.4,69.2,3,7
2011,4,12,1200,35.5,63.1,3,7
2011,4,12,1300,37.1,59.9,2,5
2011,4,12,1400,38,56.9,1,4
2011,4,12,1500,37.5,52.2,3,14
2011,4,12,1600,38.5,48.7,4,11
2011,4,12,1700,41.1,40.8,3,10
