2010,12,7,1300,29.2,12,281,18,0
2010,12,7,1400,30.5,10,292,12,0
2010,12,7,1600,26.5,5,254,8,0
2010,12,7,1700,25.1,4,297,5,0
2010,12,7,1800,24.3,3,266,5,0
2010,12,7,1900,23.6,1,255,2,0
2010,12,7,2000,24.7,4,264,7,0
2010,12,7,2100,25.4,6,260,7,0
2010,12,7,2200,26,8,264,10,0
2010,12,7,2300,26.7,6,260,7,0
2010,12,8,0,27.6,7,260,9,0
2010,12,8,100,27.9,3,260,6,0
2010,12,8,200,28.1,5,266,6,0
2010,12,8,300,29.5,7,256,12,0
2010,12,8,400,29.1,9,263,14,0
2010,12,8,500,28.2,5,255,7,0
2010,12,8,600,28.1,6,261,8,0
2010,12,8,700,28.5,12,263,21,0
2010,12,8,800,29.2,10,264,13,0
2010,12,8,900,30.1,8,267,12,0
2010,12,8,1000,31.7,13,185,21,0.1
2010,12,8,1100,32.7,15,217,22,0.1
2010,12,8,1200,37.3,23,307,34,0.2
2010,12,8,1300,35.7,13,302,19,0.2
2010,12,8,1300,35.9,14,275,34,0.2
2010,12,8,1400,33.8,11,198,14,0.1
2010,12,8,1400,34.3,11,254,19,0.1
2010,12,8,1500,31.4,11,298,16,0
2010,12,8,1500,32.3,10,257,26,0.1
2010,12,8,1600,30.1,8,303,16,0
2010,12,8,1600,30.8,11,290,24,0
2010,12,8,1700,28.9,11,282,16,0
2010,12,8,1700,29.6,9,277,22,0
2010,12,8,1800,28.4,7,261,11,0
2010,12,8,1800,28.8,8,270,21,0
2010,12,8,1900,26.4,4,254,6,0
2010,12,8,1900,27.8,5,264,14,0
2010,12,8,2000,25.4,3,262,4,0
2010,12,8,2000,25.8,4,256,8,0
2010,12,8,2100,25.5,4,262,11,0
2010,12,8,2100,25.6,7,268,10,0
2010,12,8,2200,25.7,6,262,12,0
2010,12,8,2200,25.8,8,263,12,0
2010,12,8,2300,25.6,2,267,4,0
2010,12,8,2300,25.6,4,263,12,0
2010,12,9,0,25.5,5,266,8,0
2010,12,9,0,25.6,4,263,10,0
2010,12,9,100,25.3,6,259,8,0
2010,12,9,100,25.4,5,264,8,0
2010,12,9,200,24.1,7,214,8,0.2
2010,12,9,200,24.6,5,245,9,0
2010,12,9,300,24.1,1,264,2,0
2010,12,9,300,24.1,3,259,10,0.2
2010,12,9,400,23.8,4,238,6,0.6
2010,12,9,400,24,3,267,5,0.1
2010,12,9,500,23.4,7,344,8,1.5
2010,12,9,500,23.5,4,90,8,1.3
2010,12,9,600,23.3,4,328,11,1.5
2010,12,9,600,23.3,5,318,6,1.5
2010,12,9,700,23,7,-7999,9,1.5
2010,12,9,700,23.2,5,318,13,1.5
2010,12,9,800,22.8,9,316,13,1.5
2010,12,9,800,22.9,7,197,13,1.5
2010,12,9,900,26.3,9,260,16,1.5
2010,12,9,900,31.3,11,-7999,17,1.6
2010,12,9,1000,31.3,12,201,20,1.6
2010,12,9,1000,32.4,8,232,15,1.7
2010,12,9,1100,32.6,15,329,20,1.5
2010,12,9,1100,33.2,9,270,19,1.6
2010,12,9,1200,29,11,295,19,1.4
2010,12,9,1200,30.9,12,309,23,1.5
2010,12,9,1300,28.8,15,299,27,1.4
2010,12,9,1400,27.4,18,281,44,1.3
2010,12,9,1400,27.7,12,325,22,1.3
2010,12,9,1500,26.9,12,310,19,1.2
2010,12,9,1500,27,15,257,28,1.3
2010,12,9,1600,25.7,9,288,14,1.2
2010,12,9,1600,26.5,10,314,21,1.2
2010,12,9,1700,25,18,281,26,0
2010,12,9,1700,25.3,9,256,23,0.5
2010,12,9,1800,24.7,25,262,34,0
2010,12,9,1800,25,20,270,42,0
2010,12,9,1900,24.5,20,274,29,0
2010,12,9,1900,24.6,20,268,40,0
2010,12,9,2000,24.5,18,269,40,0
2010,12,9,2000,24.7,16,268,23,0
2010,12,9,2100,24.2,13,284,18,0
2010,12,9,2100,24.4,21,270,41,0
2010,12,9,2200,24.3,11,272,19,0
2010,12,9,2200,24.4,17,266,22,0
2010,12,9,2300,24.3,20,269,34,0
2010,12,9,2300,24.3,23,270,26,0
2010,12,10,0,24.1,16,270,20,0
2010,12,10,0,24.3,22,270,33,0
2010,12,10,100,23.6,15,270,20,0
2010,12,10,100,23.7,14,269,27,0
2010,12,10,200,23.7,14,268,26,0
2010,12,10,200,24.1,13,266,17,0
2010,12,10,300,24.3,17,262,34,0
2010,12,10,300,24.7,21,260,27,0
2010,12,10,400,23.7,6,269,9,0
2010,12,10,400,24.2,13,267,44,0
2010,12,10,500,23.7,5,267,12,0
2010,12,10,500,24,5,260,10,0
2010,12,10,600,23.2,3,194,7,0
2010,12,10,600,23.7,5,266,10,0
2010,12,10,700,22.4,4,116,6,0.7
2010,12,10,700,23.1,5,209,11,0.2
2010,12,10,800,21.4,8,-7999,12,1.5
2010,12,10,800,22.2,9,31,19,1.3
2010,12,10,900,20.4,7,-7999,15,1.4
2010,12,10,900,20.9,13,0,34,1.5
2010,12,10,1000,20.3,5,71,15,1.4
2010,12,10,1100,21,2,290,3,1.4
2010,12,10,1100,21,5,122,12,1.4
2010,12,10,1200,21.2,4,110,12,1.4
2010,12,10,1300,21.1,6,85,12,1.3
2010,12,10,1400,20.6,5,-4678,18,1.3
2010,12,10,1500,19.9,4,-3845,10,1.3
2010,12,10,1600,19.7,3,-7999,6,1.3
2010,12,10,1700,19.4,4,-5217,6,0.8
2010,12,10,1800,18.6,2,316,5,0
2010,12,10,1900,18.1,4,-4531,8,0
2010,12,10,2000,17.4,3,305,7,0
2010,12,10,2100,17.3,2,291,5,0
2010,12,10,2200,17.1,2,287,6,0
2010,12,10,2300,16.7,5,285,8,0
2010,12,11,0,16.3,5,283,8,0
2010,12,11,100,16.1,5,280,8,0
2010,12,11,200,16,4,278,11,0
2010,12,11,300,15.5,5,-1762,9,0
2010,12,11,400,15.4,4,298,8,0
2010,12,11,500,15.1,4,285,7,0
2010,12,11,600,14.6,4,279,9,0
2010,12,11,700,14.1,4,275,15,0
2010,12,11,800,14.2,3,-1104,8,0
2010,12,11,900,15.5,4,281,10,0
2010,12,11,1000,20.4,6,-1106,11,0
2010,12,11,1100,23.4,8,260,17,0
2010,12,11,1200,22.2,10,311,17,0
2010,12,11,1300,22.6,12,300,16,0
2010,12,11,1400,21.1,6,263,17,0
2010,12,11,1500,20.7,3,273,6,0
2010,12,11,1600,20.1,0,247,6,0
2010,12,11,1700,18.4,0,243,0,0
2010,12,11,1800,17.3,0,243,0,0
2010,12,11,1900,16.9,0,243,0,0
2010,12,11,2000,17.1,0,243,0,0
2010,12,11,2100,17.3,0,243,0,0
2010,12,11,2200,16.9,0,243,0,0
2010,12,11,2300,16.8,0,243,0,0
2010,12,12,0,17.3,0,243,0,0
2010,12,12,100,17.7,0,243,0,0
2010,12,12,200,18.1,0,243,0,0
2010,12,12,300,19.4,0,243,0,0
2010,12,12,400,20.8,0,243,0,0.2
2010,12,12,500,22,0,243,0,1.2
2010,12,12,600,24.2,0,243,0,1.7
2010,12,12,700,25.8,0,243,0,1.9
2010,12,12,800,26.9,0,243,0,1.9
2010,12,12,900,28.6,0,243,0,2
2010,12,12,1000,30.6,0,243,0,2
2010,12,12,1100,32.3,0,243,0,2.1
2010,12,12,1200,35,0,243,0,2.1
2010,12,12,1300,35.7,0,243,0,1.8
2010,12,12,1400,35.9,0,243,0,1.7
2010,12,12,1500,35.7,0,243,0,1.8
2010,12,12,1600,35.9,0,243,0,1.8
2010,12,12,1700,35.4,0,243,0,0.8
2010,12,12,1800,35,0,243,0,0.2
2010,12,12,1900,34.9,0,243,0,0.2
2010,12,12,2000,34,0,243,0,0.1
2010,12,12,2100,33.7,0,243,0,0.1
2010,12,12,2200,33.2,0,243,0,0.1
2010,12,12,2300,32.7,0,243,0,0.1
2010,12,13,0,32.7,0,243,0,0.1
2010,12,13,100,32.7,0,243,0,0.2
2010,12,13,200,32.2,0,243,0,0.1
2010,12,13,300,32.4,0,243,0,0.1
2010,12,13,400,32,0,243,0,0.1
2010,12,13,500,31.7,0,243,0,0.1
2010,12,13,600,31.6,0,243,0,0.1
2010,12,13,700,31.4,0,243,0,0.1
2010,12,13,800,31.4,0,243,0,0.1
2010,12,13,900,30.8,0,243,0,0.1
2010,12,13,1000,29,0,243,0,0
2010,12,13,1100,29.2,0,243,0,0
2010,12,13,1200,30.8,0,243,0,0
2010,12,13,1300,32.7,0,243,0,0
2010,12,13,1400,33.6,3,243,11,0.2
2010,12,13,1500,32.7,5,170,9,0.2
2010,12,13,1600,32.1,8,23,16,0.1
2010,12,13,1700,31.6,6,25,14,0.1
2010,12,13,1800,31.3,13,23,28,0.1
2010,12,13,1900,31.1,11,24,24,0.1
2010,12,13,2000,30.8,11,23,21,0.1
2010,12,13,2100,30.3,7,23,15,0.1
2010,12,13,2200,30.4,5,24,10,0.1
2010,12,13,2300,30.5,9,25,20,0.1
2010,12,14,0,30.9,17,24,23,0.1
2010,12,14,100,31.2,14,24,28,0.1
2010,12,14,200,31.1,13,24,23,0.1
2010,12,14,300,31.5,20,23,33,0.1
2010,12,14,400,31.5,20,23,38,0.1
2010,12,14,500,31.6,22,23,41,0.1
2010,12,14,600,31.3,22,23,35,0.1
2010,12,14,700,31.2,21,23,34,0.1
2010,12,14,800,31.7,22,22,32,0.1
2010,12,14,900,32.2,23,23,34,0.1
2010,12,14,1000,32.6,24,22,39,0.1
2010,12,14,1100,33.1,23,136,36,0.2
2010,12,14,1200,32.3,27,272,49,0.1
2010,12,14,1300,30.3,17,275,31,0
2010,12,14,1400,28.8,8,253,17,0
2010,12,14,1500,27.9,9,278,17,0
2010,12,14,1600,28.4,15,273,33,0
2010,12,14,1700,24.6,7,161,12,0.5
2010,12,14,1800,22.9,8,231,14,0
2010,12,14,1900,22.4,5,230,15,0
2010,12,14,2000,21.5,5,213,12,0.5
2010,12,14,2100,20.4,5,240,8,0.6
2010,12,14,2200,20,7,245,14,0.6
2010,12,14,2300,19.1,6,150,12,0.6
2010,12,15,0,18,3,217,8,0.5
2010,12,15,100,16.9,3,256,7,0.4
2010,12,15,200,15.8,3,240,8,0.4
2010,12,15,300,14.4,4,277,9,0.3
2010,12,15,400,13.9,5,262,11,0.3
2010,12,15,500,14.2,6,268,11,0.4
2010,12,15,600,14.2,6,254,12,0.4
2010,12,15,700,14.1,6,258,12,0.4
2010,12,15,800,13.7,4,233,9,0.3
2010,12,15,900,14.1,7,224,14,0.4
2010,12,15,1000,14.1,7,212,15,0.3
2010,12,15,1100,14.7,5,252,11,0.3
2010,12,15,1200,15.8,5,222,10,0.4
2010,12,15,1300,15.9,7,205,18,0.4
2010,12,15,1400,17.1,4,198,11,0.4
2010,12,15,1500,18.4,3,226,7,0.4
2010,12,15,1600,16.2,7,219,20,0.4
2010,12,15,1700,14.5,8,237,19,0
2010,12,15,1800,13.9,6,225,14,0
2010,12,15,1900,12.9,5,231,13,0
2010,12,15,2000,13,6,151,14,0
2010,12,15,2100,12.7,6,118,11,0
2010,12,15,2200,11.8,7,237,19,0
2010,12,15,2300,10.6,6,254,16,0
2010,12,16,0,10,7,245,16,0
2010,12,16,100,9,3,243,8,0
2010,12,16,200,8.7,3,262,9,0
2010,12,16,300,8.8,3,269,6,0
2010,12,16,400,9.5,1,268,4,0
2010,12,16,500,10.1,2,201,6,0
2010,12,16,600,10.5,3,225,6,0
2010,12,16,700,10.1,6,226,24,0
2010,12,16,800,9.2,3,170,7,0
2010,12,16,900,9.6,3,131,7,0
2010,12,16,1000,11.8,4,144,8,0
2010,12,16,1100,15.6,5,185,11,0
2010,12,16,1200,17.1,5,153,12,0
2010,12,16,1300,16.7,6,183,15,0
2010,12,16,1400,15.4,5,175,13,0
2010,12,16,1500,12.7,8,297,12,0
2010,12,16,1600,11.4,8,322,11,0
2010,12,16,1700,10.1,4,297,9,0
2010,12,16,1800,8.7,8,319,12,0
2010,12,16,1900,9,9,325,11,0
2010,12,16,2000,7.9,5,238,10,0
2010,12,16,2100,6.8,1,211,4,0
2010,12,16,2200,6.4,2,218,5,0
2010,12,16,2300,6.1,4,179,7,0
2010,12,17,0,6.1,3,209,6,0
2010,12,17,100,5.9,3,241,7,0
2010,12,17,200,6,2,232,5,0
2010,12,17,300,7,7,269,11,0
2010,12,17,400,7,8,277,11,0
2010,12,17,500,7,8,282,12,0
2010,12,17,600,7.2,5,254,11,0
2010,12,17,700,7,9,265,12,0
2010,12,17,800,6.9,8,259,12,0
2010,12,17,900,8.2,9,262,14,0
2010,12,17,1000,15,10,243,14,0
2010,12,17,1100,15.8,10,211,17,0
2010,12,17,1200,15.1,11,197,17,0
2010,12,17,1300,15.6,8,194,14,0
2010,12,17,1400,15.9,3,166,10,0
2010,12,17,1500,15.4,3,200,6,0
2010,12,17,1600,12.4,3,215,5,0
2010,12,17,1700,9.9,3,216,4,0
2010,12,17,1800,8.7,3,205,5,0
2010,12,17,1900,9,3,217,4,0
2010,12,17,2000,8.5,4,206,6,0
2010,12,17,2100,7.6,5,239,7,0
2010,12,17,2200,7.8,4,260,7,0
2010,12,17,2300,7.3,4,227,8,0
2010,12,18,0,5.9,3,233,7,0
2010,12,18,100,6.6,4,248,9,0
2010,12,18,200,6.7,4,217,7,0
2010,12,18,300,6.5,4,223,8,0
2010,12,18,400,6.3,3,218,5,0
2010,12,18,500,6.2,4,215,7,0
2010,12,18,600,6,2,246,4,0
2010,12,18,700,6.3,3,222,6,0
2010,12,18,800,8.3,7,204,11,0
2010,12,18,900,9.4,7,204,12,0
2010,12,18,1000,12.4,7,210,11,0
2010,12,18,1100,16.6,6,192,8,0
2010,12,18,1200,17.5,4,194,7,0
2010,12,18,1300,18.4,4,194,8,0
2010,12,18,1400,18.4,8,191,12,0
2010,12,18,1500,18.6,7,186,9,0
2010,12,18,1600,17.9,6,192,9,0
2010,12,18,1700,18.4,5,196,12,0
2010,12,18,1800,17.4,6,204,12,0
2010,12,18,1900,17.4,4,179,10,0
2010,12,18,2000,17.4,2,171,5,0
2010,12,18,2100,17.9,3,154,7,0
2010,12,18,2200,18,3,182,7,0
2010,12,18,2300,17.8,3,249,7,0
2010,12,19,0,18.2,4,200,7,0
2010,12,19,100,18.4,3,186,7,0.1
2010,12,19,200,18.2,7,192,16,0.3
2010,12,19,300,17.8,8,172,21,0.5
2010,12,19,400,17.6,6,169,11,0.6
2010,12,19,500,17.7,4,191,9,0.7
2010,12,19,600,17.5,9,193,16,0.7
2010,12,19,700,16.8,10,192,19,0.6
2010,12,19,800,16.6,7,171,14,0.6
2010,12,19,900,16.7,3,203,10,0.5
2010,12,19,1000,18.7,3,215,6,0
2010,12,19,1100,21.8,3,203,5,0
2010,12,19,1200,24.3,4,174,10,0
2010,12,19,1300,25,2,204,5,0
2010,12,19,1400,23.6,7,196,12,0
2010,12,19,1500,22.7,8,197,12,0
2010,12,19,1600,22.6,6,190,9,0
2010,12,19,1700,21.8,3,210,4,0
2010,12,19,1800,20.2,3,127,10,0
2010,12,19,1900,19.7,3,217,5,0
2010,12,19,2000,19.8,3,250,4,0
2010,12,19,2100,19.8,3,250,4,0
2010,12,19,2200,19.8,3,250,4,0
2010,12,19,2300,19.8,3,250,4,0
2010,12,20,0,19.8,3,250,4,0
2010,12,20,100,19.8,3,250,4,0
2010,12,20,200,19.8,3,250,4,0
2010,12,20,300,19.8,3,250,4,0
2010,12,20,400,19.8,3,250,4,0
2010,12,20,500,19.8,3,250,4,0
2010,12,20,600,19.8,3,250,4,0
2010,12,20,700,19.8,3,250,4,0
2010,12,20,800,18.4,4,230,13,0.3
2010,12,20,900,16,10,186,24,1.2
2010,12,20,1000,24,9,184,21,1.3
2010,12,20,1100,24.7,15,175,36,1.4
2010,12,20,1200,21.4,21,178,42,1.3
2010,12,20,1300,19.9,20,173,39,1.3
2010,12,20,1400,21,9,165,25,1.4
2010,12,20,1500,19.9,7,173,17,1.3
2010,12,20,1600,18,4,191,10,1.3
2010,12,20,1700,16.5,4,223,10,0.5
2010,12,20,1800,15.4,3,253,8,0
2010,12,20,1900,15.7,6,201,11,0
2010,12,20,2000,15.1,6,205,13,0
2010,12,20,2100,14.3,4,234,6,0
2010,12,20,2200,14.6,3,235,6,0
2010,12,20,2300,15,5,231,8,0
2010,12,21,0,15,4,229,8,0
2010,12,21,100,14.2,4,216,7,0
2010,12,21,200,13.7,5,212,8,0
2010,12,21,300,13.3,4,213,7,0
2010,12,21,400,13.2,3,226,6,0
2010,12,21,500,13.7,5,212,10,0
2010,12,21,600,14.2,4,216,8,0
2010,12,21,700,14.5,6,218,11,0
2010,12,21,800,15.1,6,256,10,0
2010,12,21,900,18.7,7,268,11,0
2010,12,21,1000,28.3,4,195,6,0
2010,12,21,1100,29.1,7,180,11,0
2010,12,21,1200,28.4,7,176,11,0
2010,12,21,1300,26.7,7,172,10,0
2010,12,21,1400,26.2,4,187,7,0
2010,12,21,1500,26.7,2,193,6,0
2010,12,21,1600,23.1,4,217,7,0
2010,12,21,1700,20.4,4,218,7,0
2010,12,21,1800,19.6,4,218,7,0
2010,12,21,1900,19.3,4,211,7,0
2010,12,21,2000,19.6,7,212,10,0
2010,12,21,2100,19.1,8,205,10,0
2010,12,21,2200,18.9,7,217,9,0
2010,12,21,2300,18.9,7,217,9,0
2010,12,22,0,18.9,7,217,9,0
2010,12,22,100,18.9,7,217,9,0
2010,12,22,200,18.9,7,217,9,0
2010,12,22,300,18.9,7,217,9,0
2010,12,22,400,18.9,7,217,9,0
2010,12,22,500,18.9,7,217,9,0
2010,12,22,600,18.9,7,217,9,0
2010,12,22,700,18.9,7,217,9,0
2010,12,22,800,19.8,7,210,15,0
2010,12,22,900,23.6,7,193,11,0
2010,12,22,1000,27.5,6,181,11,0
2010,12,22,1100,31.4,7,165,10,0
2010,12,22,1200,31,6,176,10,0
2010,12,22,1300,32.4,5,159,8,0
2010,12,22,1400,30.2,4,182,8,0
2010,12,22,1500,30.7,3,185,6,0
2010,12,22,1600,28.2,6,205,8,0
2010,12,22,1700,25.2,6,210,10,0
2010,12,22,1800,24.5,7,212,10,0
2010,12,22,1900,24.9,6,211,9,0
2010,12,22,2000,24.8,4,210,6,0
2010,12,22,2100,24.9,5,204,7,0
2010,12,22,2200,24.9,6,202,8,0
2010,12,22,2300,24.7,4,211,7,0
2010,12,23,0,0,0,0,0,0
2010,12,23,100,0,0,0,0,0
2010,12,23,200,0,0,0,0,0
2010,12,23,300,0,0,0,0,0
2010,12,23,400,0,0,0,0,0
2010,12,23,500,0,0,0,0,0
2010,12,23,600,0,0,0,0,0
2010,12,23,700,0,0,0,0,0
2010,12,23,800,21.3,1,158,5,0
2010,12,23,900,22,2,236,4,0
2010,12,23,1000,24.7,2,203,5,0
2010,12,23,1100,27.5,3,198,7,0.1
2010,12,23,1200,29.8,4,67,7,0.1
2010,12,23,1300,29,2,91,5,0.1
2010,12,23,1400,28.9,3,126,6,0.1
2010,12,23,1500,27.9,3,146,6,0.1
2010,12,23,1600,26.4,5,145,9,0.1
2010,12,23,1700,25,3,160,7,0
2010,12,23,1800,23.4,2,182,7,0
2010,12,23,1900,21.9,2,211,5,0
2010,12,23,2000,20.5,3,183,8,0
2010,12,23,2100,20,3,164,9,0
2010,12,23,2200,19,3,206,7,0
2010,12,23,2300,18.2,4,245,7,0
2010,12,24,0,17.9,3,166,6,0
2010,12,24,100,17.8,3,229,5,0
2010,12,24,200,17.8,3,158,7,0
2010,12,24,300,17.8,3,193,8,0
2010,12,24,400,18.3,3,185,8,0
2010,12,24,500,19,3,191,8,0
2010,12,24,600,19.2,3,221,9,0
2010,12,24,700,19,2,236,5,0
2010,12,24,800,18.7,4,169,15,0
2010,12,24,900,22.6,7,174,19,0
2010,12,24,1000,31.4,8,134,16,0
2010,12,24,1100,32.1,10,209,19,0
2010,12,24,1200,32.8,15,280,19,0
2010,12,24,1300,31.8,11,259,19,0
2010,12,24,1400,32,9,178,18,0
2010,12,24,1500,31.8,7,175,16,0
2010,12,24,1600,30.1,5,185,11,0
2010,12,24,1700,28.9,4,200,7,0
2010,12,24,1800,28.6,7,211,12,0
2010,12,24,1900,28.8,7,206,11,0
2010,12,24,2000,29.2,8,217,12,0
2010,12,24,2100,29.8,7,215,10,0.1
2010,12,24,2200,30.8,7,199,11,0.2
2010,12,24,2300,32.3,9,203,12,0.2
2010,12,25,0,32.9,7,203,9,0.2
2010,12,25,100,33.1,8,205,12,0.2
2010,12,25,200,33.7,9,209,15,0.2
2010,12,25,300,33.8,8,198,14,0.2
2010,12,25,400,33.6,7,194,12,0.2
2010,12,25,500,32.9,7,207,16,0.2
2010,12,25,600,33.9,10,192,18,0.2
2010,12,25,700,34.2,9,190,17,0.3
2010,12,25,800,34.6,10,189,17,0.3
2010,12,25,900,35.4,9,190,17,0.3
2010,12,25,1000,38.7,8,191,13,0.3
2010,12,25,1100,42,9,188,15,0.4
2010,12,25,1200,44.6,9,188,13,0.5
2010,12,25,1300,44.9,10,185,13,0.5
2010,12,25,1400,43.7,8,190,16,0.5
2010,12,25,1500,41.9,11,192,16,0.5
2010,12,25,1600,38.8,12,195,16,0.4
2010,12,25,1700,37.3,12,193,19,0.3
2010,12,25,1800,36.3,10,191,17,0.3
2010,12,25,1900,36.7,12,201,19,0.4
2010,12,25,2000,36.8,14,199,26,0.4
2010,12,25,2100,37.1,19,196,25,0.4
2010,12,25,2200,37.5,18,200,26,0.4
2010,12,25,2300,36.3,11,198,18,0.3
2010,12,26,0,35.9,14,202,20,0.3
2010,12,26,100,37.5,16,192,20,0.4
2010,12,26,100,37.6,16,192,20,0.4
2010,12,26,200,39.1,16,187,36,0.4
2010,12,26,300,40.2,18,190,30,0.5
2010,12,26,400,40.1,18,189,30,0.5
2010,12,26,500,38.6,16,192,21,0.4
2010,12,26,600,39.3,19,196,29,0.4
2010,12,26,700,39.4,22,200,35,0.4
2010,12,26,800,38.6,22,202,33,0.4
2010,12,26,900,37.4,23,213,36,0.3
2010,12,26,1000,38.8,22,199,37,0.3
2010,12,26,1100,37.6,21,181,35,0.2
2010,12,26,1200,36.2,21,175,38,0.2
2010,12,26,1300,35.3,13,174,38,0.1
2010,12,26,1400,34.2,13,164,30,0.1
2010,12,26,1500,31.7,16,170,30,0
2010,12,26,1600,28.6,17,176,33,0
2010,12,26,1700,26.7,12,175,22,0
2010,12,26,1800,25.7,10,181,26,0
2010,12,26,1900,24.2,11,188,24,0
2010,12,26,2000,22.6,5,110,12,0
2010,12,26,2100,22.1,10,190,25,0
2010,12,26,2200,21.8,12,195,27,0
2010,12,26,2300,21.4,18,193,40,0
2010,12,27,0,20.9,16,193,38,0
2010,12,27,100,20.2,11,190,30,0
2010,12,27,200,18.4,12,162,21,0.1
2010,12,27,300,17.4,11,188,28,0.3
2010,12,27,400,16.5,12,190,20,0.2
2010,12,27,500,15.5,12,188,25,0.2
2010,12,27,600,14.8,13,193,22,0.2
2010,12,27,700,14.8,16,192,27,0.2
2010,12,27,800,14.9,11,185,23,0.2
2010,12,27,900,15.6,13,190,29,0.2
2010,12,27,1000,19.5,16,184,29,0.2
2010,12,27,1100,19,13,190,33,0.2
2010,12,27,1200,19,10,198,24,0.2
2010,12,27,1300,18.1,7,180,18,0.1
2010,12,27,1400,18,8,194,20,0.1
2010,12,27,1500,17.7,8,182,17,0.1
2010,12,27,1600,17,10,181,20,0.1
2010,12,27,1700,15.9,11,189,26,0
2010,12,27,1800,15.6,19,193,28,0
2010,12,27,1900,15.6,19,190,32,0
2010,12,27,2000,15.7,16,190,33,0
2010,12,27,2100,15.9,16,188,31,0
2010,12,27,2200,16,21,174,44,0
2010,12,27,2300,15.7,16,179,39,0
2010,12,28,0,15.5,13,191,31,0
2010,12,28,100,15.3,11,190,22,0
2010,12,28,200,15.7,11,185,21,0
2010,12,28,300,16.2,10,181,19,0
2010,12,28,400,18.1,14,178,32,0
2010,12,28,500,19.3,18,174,32,0
2010,12,28,600,19.8,22,173,38,0
2010,12,28,700,20.1,19,179,37,0
2010,12,28,800,20.2,20,176,39,0
2010,12,28,900,20.7,16,181,31,0
2010,12,28,1000,21.5,20,178,39,0
2010,12,28,1100,23.6,21,178,39,0
2010,12,28,1200,24.4,19,175,46,0
2010,12,28,1300,23.7,15,175,33,0
2010,12,28,1400,23.5,12,178,20,0
2010,12,28,1500,23.6,13,189,19,0
2010,12,28,1600,23.6,13,184,22,0
2010,12,28,1700,22.5,19,175,32,0
2010,12,28,1800,21.5,19,175,32,0
2010,12,28,1900,21.4,21,173,35,0.4
2010,12,28,2000,22,22,174,41,0.8
2010,12,28,2100,22.1,20,176,36,0.7
2010,12,28,2200,22.7,17,183,29,0.7
2010,12,28,2300,22.8,10,181,20,0.7
2010,12,29,0,22.9,14,184,28,0.7
2010,12,29,100,22.5,19,173,28,0.6
2010,12,29,200,21.6,16,174,23,0.4
2010,12,29,300,21.4,14,178,22,0.9
2010,12,29,400,20.6,9,185,17,1.6
2010,12,29,500,20.7,10,192,18,1.8
2010,12,29,600,20.2,16,183,24,2
2010,12,29,700,19.8,12,183,21,2.5
2010,12,29,800,19.8,14,176,24,2.9
2010,12,29,900,19.9,13,177,21,3.4
2010,12,29,1000,20.3,11,181,19,3.9
2010,12,29,1100,21,13,180,25,4.4
2010,12,29,1200,21.6,10,183,19,4.7
2010,12,29,1300,23,6,142,14,5
2010,12,29,1400,23.9,3,51,6,5.3
2010,12,29,1500,23.8,4,169,8,5.9
2010,12,29,1600,18.1,5,145,9,6.1
2010,12,29,1700,13.4,3,123,8,2.3
2010,12,29,1800,10.7,3,165,5,0
2010,12,29,1900,7.7,3,170,8,0.4
2010,12,29,2000,5.1,2,113,5,0.8
2010,12,29,2100,4.8,5,174,7,1.1
2010,12,29,2200,2.6,2,128,5,1.2
2010,12,29,2300,-0.4,4,46,8,1.2
2010,12,30,0,-2.2,4,42,6,1.2
2010,12,30,100,-1.9,5,156,10,1.2
2010,12,30,200,-3.1,4,163,11,1.2
2010,12,30,300,-4.1,5,144,11,1.2
2010,12,30,400,-4.6,4,89,12,1
2010,12,30,500,-5.4,3,34,5,1.2
2010,12,30,600,-6.7,3,78,7,1.1
2010,12,30,700,-7.1,4,97,10,1.1
2010,12,30,800,-8.3,2,74,7,1.1
2010,12,30,900,-9.6,0,46,0,1.1
2010,12,30,1000,-9.2,0,61,0,1.1
2010,12,30,1100,-7.9,3,73,6,1.1
2010,12,30,1200,-7.8,4,107,8,1.1
2010,12,30,1300,-7.8,5,63,9,1.2
2010,12,30,1400,-7.7,5,68,8,1.3
2010,12,30,1500,-7.9,6,118,11,1.3
2010,12,30,1600,-8.5,1,30,9,1.3
2010,12,30,1700,-9.9,0,143,0,0.5
2010,12,30,1800,-10.7,0,95,0,0
2010,12,30,1900,-11.5,0,131,0,0
2010,12,30,2000,-11.5,0,123,0,0
2010,12,30,2100,-12.2,0,83,0,0
2010,12,30,2200,-12,0,163,0,0
2010,12,30,2300,-10.3,0,165,0,0
2010,12,31,0,-10.3,0,129,0,0
2010,12,31,100,-10.8,0,83,0,0
2010,12,31,200,-11.4,0,158,0,0
2010,12,31,300,-11.6,0,130,0,0
2010,12,31,400,-11.7,0,142,0,0
2010,12,31,500,-11.9,0,168,0,0
2010,12,31,600,-11.5,0,231,0,0
2010,12,31,700,-11.1,0,209,0,0
2010,12,31,800,-10.7,0,229,0,0
2010,12,31,900,-9.7,0,211,0,0
2010,12,31,1000,-6.2,0,223,2,0
2010,12,31,1100,2,2,190,6,0
2010,12,31,1200,7.1,4,202,6,0
2010,12,31,1300,6.3,3,189,5,0
2010,12,31,1400,0.1,5,233,14,0
2010,12,31,1500,-2.3,15,280,23,0
2010,12,31,1600,-6.1,14,295,26,0
2010,12,31,1700,-7.4,0,251,0,0
2010,12,31,1800,-7.5,0,207,0,0
2010,12,31,1900,-7.5,0,159,0,0
2010,12,31,2000,-7.7,0,134,0,0
2010,12,31,2100,-7.4,0,121,0,0
2010,12,31,2200,-6.5,0,189,0,0
2010,12,31,2300,-6.4,0,192,0,0
2011,1,1,0,-6.3,0,136,0,0
2011,1,1,100,-6,0,129,0,0
2011,1,1,200,-7,0,98,0,0
2011,1,1,300,-7,0,92,0,0
2011,1,1,400,-6.5,0,99,0,0
2011,1,1,500,-6.1,0,100,0,0
2011,1,1,600,-5.9,0,116,0,0
2011,1,1,700,-5.7,0,82,0,0
2011,1,1,800,-4.8,0,127,1,0
2011,1,1,900,-3.8,2,96,12,1
2011,1,1,1000,0.4,7,99,13,0
2011,1,1,1100,6.5,10,131,21,0
2011,1,1,1200,7.3,8,136,20,0
2011,1,1,1300,7.3,11,122,23,0
2011,1,1,1400,7,9,99,20,0
2011,1,1,1500,7.3,9,112,22,0
2011,1,1,1600,7.2,4,148,12,0
2011,1,1,1700,5.2,4,172,11,0
2011,1,1,1800,4,4,187,9,0
2011,1,1,1900,3.8,4,211,8,0
2011,1,1,2000,3.2,5,242,9,0
2011,1,1,2100,4.1,4,207,9,0
2011,1,1,2200,4.8,4,157,11,0
2011,1,1,2300,6.8,8,122,19,0
2011,1,2,0,8,9,172,28,0
2011,1,2,100,8.3,14,177,26,0
2011,1,2,200,9,8,196,20,0
2011,1,2,300,9.2,8,167,19,0
2011,1,2,400,9.3,10,185,21,0
2011,1,2,500,8.8,7,178,16,0
2011,1,2,600,8.7,4,171,11,0
2011,1,2,700,9.2,6,175,16,0
2011,1,2,800,9,9,178,16,0.1
2011,1,2,900,9.3,8,187,16,2.5
2011,1,2,1000,10.7,6,147,16,3.8
2011,1,2,1100,12.4,5,118,14,3.3
2011,1,2,1200,13.8,4,101,10,1.4
2011,1,2,1300,11.9,4,154,8,6
2011,1,2,1400,11.5,3,131,7,10.2
2011,1,2,1500,11,3,166,5,15.4
2011,1,2,1600,9.9,5,39,12,13.7
2011,1,2,1700,9.2,6,96,12,9.1
2011,1,2,1800,8.8,5,118,12,0
2011,1,2,1900,8.7,3,147,9,0
2011,1,2,2000,8.8,4,136,10,0
2011,1,2,2100,8.8,5,146,11,0
2011,1,2,2200,9,4,142,11,0
2011,1,2,2300,9.4,5,181,13,0
2011,1,3,0,9.5,4,147,10,0
2011,1,3,100,9.4,5,156,11,0
2011,1,3,200,9.1,5,154,10,0.1
2011,1,3,300,8.8,6,174,11,1.3
2011,1,3,400,8.4,7,177,11,2.6
2011,1,3,500,7.9,8,178,12,3.5
2011,1,3,600,7.8,7,167,12,3.7
2011,1,3,700,7.4,5,156,11,3.8
2011,1,3,800,7.3,6,154,13,3.9
2011,1,3,900,7.4,7,111,13,6.3
2011,1,3,1000,8.8,6,103,18,4.3
2011,1,3,1100,11.8,8,91,16,4.3
2011,1,3,1200,13.4,8,101,19,4.1
2011,1,3,1300,13.9,9,97,21,5.3
2011,1,3,1400,11.8,10,133,29,2.1
2011,1,3,1500,10.8,11,171,29,0.8
2011,1,3,1600,10,6,157,22,14.3
2011,1,3,1700,9,5,141,17,1.6
2011,1,3,1800,8.4,6,152,13,0
2011,1,3,1900,8.5,4,193,10,0
2011,1,3,2000,9,4,169,10,0.1
2011,1,3,2100,9.9,4,192,9,0.1
2011,1,3,2200,8.7,4,254,7,0.1
2011,1,3,2300,8.6,4,194,10,0
2011,1,4,0,9,4,206,9,0
2011,1,4,100,9.8,6,197,11,0
2011,1,4,200,10.3,6,198,13,0
2011,1,4,300,10.5,3,201,8,0.1
2011,1,4,400,11,4,173,9,0
2011,1,4,500,11.4,4,182,11,0
2011,1,4,600,11.6,5,185,11,0
2011,1,4,700,11.9,7,185,14,0
2011,1,4,800,12.1,10,178,19,0
2011,1,4,900,12.6,8,148,15,0
2011,1,4,1000,16.4,8,155,17,0
2011,1,4,1100,17.8,4,156,11,0
2011,1,4,1200,19.4,6,132,14,0
2011,1,4,1300,19.7,7,96,16,0
2011,1,4,1400,19.8,8,88,15,0
2011,1,4,1500,18.6,9,144,21,0
2011,1,4,1600,18.2,10,147,35,0
2011,1,4,1700,17.4,12,171,24,0
2011,1,4,1800,16.8,13,163,27,0
2011,1,4,1900,16.2,12,159,27,0
2011,1,4,2000,16.3,20,170,34,0.1
2011,1,4,2100,16.4,14,167,31,0.4
2011,1,4,2200,16.9,10,164,29,0.7
2011,1,4,2300,17.1,12,170,25,0.9
2011,1,5,0,17.1,15,176,36,0.6
2011,1,5,100,17.1,12,180,27,0.4
2011,1,5,200,17.3,9,178,20,0.7
2011,1,5,300,17.5,5,160,10,0.5
2011,1,5,400,17.7,7,172,17,0.7
2011,1,5,500,17.6,5,182,18,2.5
2011,1,5,600,17.2,9,168,20,3.5
2011,1,5,700,17.1,9,179,26,4.3
2011,1,5,800,17.2,7,127,20,3.9
2011,1,5,900,17.2,5,122,11,4
2011,1,5,1000,17.9,7,100,15,4.3
2011,1,5,1100,18.6,8,146,19,4.3
2011,1,5,1200,20.2,8,152,18,4.4
2011,1,5,1300,21.8,8,180,19,4.3
2011,1,5,1400,21.9,10,158,28,4.3
2011,1,5,1500,21.5,8,107,19,4
2011,1,5,1600,22.2,7,82,21,3.7
2011,1,5,1700,21.7,9,179,23,2.5
2011,1,5,1800,20.9,4,158,15,0
2011,1,5,1900,20.5,4,177,14,0
2011,1,5,2000,21.2,6,192,15,0
2011,1,5,2100,21.3,6,184,15,0
2011,1,5,2200,21.7,6,172,13,0.2
2011,1,5,2300,22.6,7,158,18,0.2
2011,1,6,0,23,5,162,16,0.3
2011,1,6,100,23.4,8,155,28,0.3
2011,1,6,200,23.7,7,149,12,0.3
2011,1,6,300,24.3,9,184,19,0.3
2011,1,6,400,24.7,8,179,18,0.1
2011,1,6,500,25,7,182,18,0.3
2011,1,6,600,25.4,10,185,24,0.3
2011,1,6,700,26,8,168,23,0.4
2011,1,6,800,26.5,8,137,18,0.4
2011,1,6,900,27.4,6,173,14,0.4
2011,1,6,1000,28.2,5,170,16,0.4
2011,1,6,1100,29.6,6,175,16,0.4
2011,1,6,1200,30.9,5,140,11,0.3
2011,1,6,1300,31.7,5,156,12,0.1
2011,1,6,1400,31.2,4,142,9,0.2
2011,1,6,1500,31.7,4,169,10,0.1
2011,1,6,1600,31.1,4,102,12,0.1
2011,1,6,1700,30.5,5,125,9,0.1
2011,1,6,1800,29.9,4,154,8,0
2011,1,6,1900,29.7,3,116,7,0
2011,1,6,2000,29,4,178,10,0
2011,1,6,2100,28.9,7,161,14,0
2011,1,6,2200,28.4,6,174,12,0
2011,1,6,2300,27.5,9,190,16,0.2
2011,1,7,0,27.5,7,184,12,0.3
2011,1,7,100,27.4,6,160,14,0.3
2011,1,7,200,27.3,7,170,14,0.3
2011,1,7,300,27.2,5,166,11,0.4
2011,1,7,400,27.1,4,159,12,0.4
2011,1,7,500,27.1,5,167,10,0.4
2011,1,7,600,27.1,3,159,8,0.4
2011,1,7,700,26.9,4,176,9,0.4
2011,1,7,800,27,6,184,12,0.4
2011,1,7,900,27.4,3,204,6,0.2
2011,1,7,1000,28.4,4,201,10,0
2011,1,7,1100,30.8,4,184,8,0
2011,1,7,1200,31.8,5,172,12,0.1
2011,1,7,1300,31.2,5,170,12,0.2
2011,1,7,1400,31.4,5,161,16,0.6
2011,1,7,1500,31.4,4,170,9,0.9
2011,1,7,1600,31.7,3,223,6,0.9
2011,1,7,1700,30.9,3,210,7,0.5
2011,1,7,1800,30.6,3,167,6,0
2011,1,7,1900,30.2,3,115,7,0
2011,1,7,2000,29.3,4,141,11,0.6
2011,1,7,2100,28.5,4,154,10,1.5
2011,1,7,2200,28.2,4,174,8,2.2
2011,1,7,2300,28.4,5,194,10,2.3
2011,1,8,0,28.6,5,166,10,2.2
2011,1,8,100,28.4,4,184,9,2.2
2011,1,8,200,28.4,4,186,7,2.2
2011,1,8,300,28.3,4,190,10,2.2
2011,1,8,400,28.1,5,199,14,2.2
2011,1,8,500,27.3,4,172,16,2.2
2011,1,8,600,26.4,4,137,9,2
2011,1,8,700,25.6,4,179,10,2.2
2011,1,8,800,25.1,2,132,5,2.5
2011,1,8,900,24.6,4,155,8,2.6
2011,1,8,1000,23.9,6,99,12,2.7
2011,1,8,1100,23.5,8,157,12,3.3
2011,1,8,1200,20,9,96,21,3.9
2011,1,8,1300,19,7,159,18,4.1
2011,1,8,1400,16.7,7,159,13,4.4
2011,1,8,1500,16.4,4,178,11,5.5
2011,1,8,1600,15.7,5,191,12,5.8
2011,1,8,1700,14,6,196,10,3.8
2011,1,8,1800,13,4,130,12,0
2011,1,8,1900,11.5,5,150,15,0
2011,1,8,2000,10.3,4,226,8,0
2011,1,8,2100,8.6,7,204,10,0
2011,1,8,2200,8.1,3,176,10,0
2011,1,8,2300,7.9,3,186,7,0
2011,1,9,0,7.6,6,202,11,0
2011,1,9,100,7.1,6,197,10,0
2011,1,9,200,7,4,204,7,0
2011,1,9,300,6.5,3,198,6,0
2011,1,9,400,6.2,4,185,9,0
2011,1,9,500,5.6,1,158,4,0.9
2011,1,9,600,5.4,1,153,4,1.2
2011,1,9,700,4.9,2,196,4,1.6
2011,1,9,800,3.8,1,186,3,1.8
2011,1,9,900,3.1,2,206,4,2.2
2011,1,9,1000,4.4,2,166,4,2.2
2011,1,9,1100,4.8,3,204,5,2.2
2011,1,9,1200,6,4,146,6,0
2011,1,9,1300,4.6,3,82,5,0
2011,1,9,1400,2.4,4,57,7,0
2011,1,9,1500,3.3,2,92,5,0
2011,1,9,1600,3.2,2,188,4,0
2011,1,9,1700,2.7,2,191,4,0
2011,1,9,1800,1,1,186,5,0.1
2011,1,9,1900,-2.6,0,176,0,0.1
2011,1,9,2000,-3.5,0,203,0,0
2011,1,9,2100,-4.8,0,214,0,0.1
2011,1,9,2200,-6.3,0,212,0,0.4
2011,1,9,2300,-6,0,173,0,0.2
2011,1,10,0,-7,0,193,0,0.3
2011,1,10,100,-8.2,0,178,0,0.4
2011,1,10,200,-8.4,0,169,0,0.5
2011,1,10,300,-9.6,0,177,0,0.6
2011,1,10,400,-9.5,0,154,0,0.5
2011,1,10,500,-9.5,0,158,0,0.4
2011,1,10,600,-10.2,0,162,0,0.5
2011,1,10,700,-10.5,0,154,0,0.5
2011,1,10,800,-11,0,153,0,0.5
2011,1,10,900,-11.6,0,102,0,0.6
2011,1,10,1000,-9.8,0,85,0,0.6
2011,1,10,1100,-7.6,0,115,0,0.6
2011,1,10,1200,-5.2,6,124,16,0.7
2011,1,10,1300,-5.6,7,123,13,0.7
2011,1,10,1400,-5.8,4,105,19,0.7
2011,1,10,1500,-5.2,4,96,12,0.7
2011,1,10,1600,-7.1,0,114,0,0.8
2011,1,10,1700,-8.5,0,151,0,0.2
2011,1,10,1800,-10.3,0,190,0,0
2011,1,10,1900,-9.9,0,228,0,0
2011,1,10,2000,-9.3,0,228,0,0
2011,1,10,2100,-10.4,0,189,0,0
2011,1,10,2200,-9.8,0,229,0,0
2011,1,10,2300,-8.4,0,235,0,0
2011,1,11,0,-7.7,0,234,0,0
2011,1,11,100,-6.7,0,236,0,0
2011,1,11,200,-5,0,200,1,0
2011,1,11,300,-4.3,1,219,5,0
2011,1,11,400,-3.7,3,195,5,0
2011,1,11,500,-3.2,2,237,5,0
2011,1,11,600,-2.4,2,249,5,0
2011,1,11,700,-2.1,2,267,4,0
2011,1,11,800,-2.3,1,209,6,0
2011,1,11,900,-1.9,2,243,4,0
2011,1,11,1000,3.5,2,214,4,0
2011,1,11,1100,11.9,2,177,9,0
2011,1,11,1200,10.4,4,137,9,0
2011,1,11,1300,9.4,4,142,9,0
2011,1,11,1400,10.3,5,174,14,0
2011,1,11,1500,10.6,4,160,6,0
