2010,12,7,1300,26,88.7,14,277,16
2010,12,7,1400,30.3,86.5,14,278,15
2010,12,7,1600,23.6,89.2,12,276,14
2010,12,7,1700,22.1,89.8,13,268,15
2010,12,7,1800,21.9,89.4,15,269,16
2010,12,7,1900,21.7,89.6,16,261,17
2010,12,7,2000,22.2,88.8,19,273,21
2010,12,7,2100,22.1,88.3,16,259,18
2010,12,7,2200,22.3,87.7,15,264,17
2010,12,7,2300,22.9,86.3,15,267,17
2010,12,8,0,24.3,87.1,14,264,17
2010,12,8,100,23.8,86.3,15,255,17
2010,12,8,200,24.7,84.8,15,254,17
2010,12,8,300,25,84.4,16,270,18
2010,12,8,400,24.9,83.2,17,266,20
2010,12,8,500,24.7,84.6,19,255,25
2010,12,8,600,24.9,83,20,271,22
2010,12,8,700,25.3,80,23,264,27
2010,12,8,800,26,77.9,23,274,26
2010,12,8,900,26.6,73.2,22,276,26
2010,12,8,1000,28.1,70.5,26,272,31
2010,12,8,1100,29.9,71.7,26,282,30
2010,12,8,1200,31.5,69.4,21,276,25
2010,12,8,1300,30.7,71.6,21,276,25
2010,12,8,1300,31.4,72.7,21,282,24
2010,12,8,1400,27.8,77.5,21,275,25
2010,12,8,1400,28.5,76.5,20,273,25
2010,12,8,1500,26.4,81.1,22,276,26
2010,12,8,1500,27.1,79.7,21,274,26
2010,12,8,1600,25.1,84.5,23,275,26
2010,12,8,1600,26.1,82.4,24,276,32
2010,12,8,1700,25.2,85.6,25,287,29
2010,12,8,1700,25.3,84.6,23,279,31
2010,12,8,1800,25,87.7,21,272,29
2010,12,8,1800,25.4,85.8,24,284,33
2010,12,8,1900,23.7,90.7,20,273,24
2010,12,8,1900,24.1,89.9,22,274,30
2010,12,8,2000,23.5,90.5,17,282,21
2010,12,8,2000,23.8,90.7,18,271,28
2010,12,8,2100,23.8,90.5,17,269,20
2010,12,8,2100,23.8,90.6,16,266,22
2010,12,8,2200,23.5,90.4,18,279,21
2010,12,8,2200,23.7,90.5,18,274,24
2010,12,8,2300,23.4,90.3,17,270,20
2010,12,8,2300,23.5,90.3,17,270,22
2010,12,9,0,23.2,90.1,17,276,19
2010,12,9,0,23.3,90.2,17,271,22
2010,12,9,100,22.6,89.9,19,273,23
2010,12,9,100,23,90,17,275,22
2010,12,9,200,22.5,90.1,21,270,24
2010,12,9,200,22.6,90,21,275,31
2010,12,9,300,22.4,89.9,19,274,22
2010,12,9,300,22.5,90,19,274,24
2010,12,9,400,22.1,89.7,22,276,25
2010,12,9,400,22.3,89.8,20,277,26
2010,12,9,500,21.9,89.6,20,275,22
2010,12,9,500,22.1,89.7,19,274,25
2010,12,9,600,21.3,89.2,21,273,25
2010,12,9,600,21.8,89.5,21,272,26
2010,12,9,700,20.6,88.9,18,273,21
2010,12,9,700,20.9,88.9,20,273,27
2010,12,9,800,20.4,88.7,19,275,22
2010,12,9,800,20.5,88.8,18,273,22
2010,12,9,900,23.1,88.8,19,272,23
2010,12,9,900,25.1,85.4,21,272,25
2010,12,9,1000,23.8,81.5,24,276,26
2010,12,9,1000,24.3,83.4,24,274,28
2010,12,9,1100,23.7,81.6,23,276,27
2010,12,9,1100,24.3,81.5,20,278,25
2010,12,9,1200,24.1,81.4,20,274,24
2010,12,9,1200,24.2,81.5,20,278,27
2010,12,9,1300,24.1,80.7,18,275,24
2010,12,9,1400,23.2,76,23,290,27
2010,12,9,1400,23.2,79,23,281,30
2010,12,9,1500,22.7,76.8,25,286,35
2010,12,9,1500,22.9,75.8,26,285,30
2010,12,9,1600,21.8,76.8,24,278,27
2010,12,9,1600,22.2,76.4,24,279,31
2010,12,9,1700,21.5,77,23,279,31
2010,12,9,1700,21.6,76.6,27,279,32
2010,12,9,1800,21.1,77.8,25,267,30
2010,12,9,1800,21.7,76.6,27,279,35
2010,12,9,1900,20.9,76.1,23,264,29
2010,12,9,1900,20.9,77.3,24,265,34
2010,12,9,2000,21.2,76.2,23,263,36
2010,12,9,2000,21.7,74.9,26,254,30
2010,12,9,2100,20.9,74.6,18,267,24
2010,12,9,2100,21,75,20,259,30
2010,12,9,2200,21.2,74.8,19,266,26
2010,12,9,2200,21.4,75.5,18,265,24
2010,12,9,2300,21.1,74.4,15,254,18
2010,12,9,2300,21.2,74.5,18,259,29
2010,12,10,0,20.4,71.8,21,268,25
2010,12,10,0,21,73.7,17,256,25
2010,12,10,100,20,73.6,21,267,26
2010,12,10,100,20.3,74.1,20,264,23
2010,12,10,200,20.6,73.5,20,263,29
2010,12,10,200,20.9,73.8,22,262,26
2010,12,10,300,21.1,74.1,22,267,30
2010,12,10,300,21.5,74.6,25,264,33
2010,12,10,400,21,76.5,16,280,18
2010,12,10,400,21.4,75,21,281,33
2010,12,10,500,20.9,77.7,16,278,22
2010,12,10,500,21.2,81,18,272,22
2010,12,10,600,21.3,87.4,24,278,35
2010,12,10,600,21.5,89.2,27,284,34
2010,12,10,700,20.1,88.5,22,277,26
2010,12,10,700,20.9,88.8,23,278,34
2010,12,10,800,19.6,88.2,26,276,32
2010,12,10,800,20,88.4,22,269,32
2010,12,10,900,17.5,86.5,32,278,40
2010,12,10,900,18.9,87.7,29,270,36
2010,12,10,1000,16.7,86.3,29,280,40
2010,12,10,1100,15.6,85.4,25,274,29
2010,12,10,1100,15.6,85.5,23,271,29
2010,12,10,1200,15.9,85.2,29,275,37
2010,12,10,1300,16.2,83.9,32,276,38
2010,12,10,1400,16.4,82.1,25,276,33
2010,12,10,1500,16.4,83,23,276,29
2010,12,10,1600,16.2,85.5,19,274,26
2010,12,10,1700,15.9,86.1,14,267,16
2010,12,10,1800,15.6,85.9,16,271,22
2010,12,10,1900,15.1,84.8,18,271,25
2010,12,10,2000,14.3,83.7,18,272,24
2010,12,10,2100,13.9,83.7,15,273,18
2010,12,10,2200,13.6,83.3,16,273,22
2010,12,10,2300,13.3,83,16,273,22
2010,12,11,0,13.2,82.7,13,265,17
2010,12,11,100,13,82.3,14,269,19
2010,12,11,200,12.8,83,14,271,19
2010,12,11,300,12.5,84.5,15,268,18
2010,12,11,400,12.5,85.1,15,271,19
2010,12,11,500,12.3,85.1,16,273,20
2010,12,11,600,11.7,84.8,19,270,24
2010,12,11,700,11.6,84.6,19,272,22
2010,12,11,800,11.8,84.5,20,273,26
2010,12,11,900,12.6,84.1,14,272,18
2010,12,11,1000,14.6,82.7,17,273,24
2010,12,11,1100,15.7,80.2,23,277,28
2010,12,11,1200,15.5,78.5,24,276,29
2010,12,11,1300,16.1,74.3,24,276,29
2010,12,11,1400,16.1,72.3,20,278,25
2010,12,11,1500,16.1,72,20,278,22
2010,12,11,1600,14.2,76.6,18,276,22
2010,12,11,1700,13.4,78.8,13,270,16
2010,12,11,1800,13.3,79.2,13,270,15
2010,12,11,1900,13.7,77.1,11,266,13
2010,12,11,2000,14.5,74.7,13,268,15
2010,12,11,2100,14.5,75,14,275,17
2010,12,11,2200,14.1,79.9,13,269,17
2010,12,11,2300,14.1,85.8,9,250,11
2010,12,12,0,15.9,86.9,13,265,19
2010,12,12,100,16.4,86.8,16,272,19
2010,12,12,200,17.5,88,17,266,22
2010,12,12,300,19.9,89,19,266,24
2010,12,12,400,21.1,89.4,20,271,26
2010,12,12,500,22.7,90.3,22,270,27
2010,12,12,600,24.1,90.9,23,268,28
2010,12,12,700,25.6,91.6,25,265,30
2010,12,12,800,26.8,92.2,25,267,31
2010,12,12,900,27.7,92.7,27,268,33
2010,12,12,1000,28.9,93.1,24,269,31
2010,12,12,1100,30,93.2,23,274,28
2010,12,12,1200,31.4,92,27,272,35
2010,12,12,1300,31.7,88.9,29,270,36
2010,12,12,1400,32.6,84.9,30,273,39
2010,12,12,1500,32.7,83.3,31,277,40
2010,12,12,1600,32,82.3,33,279,44
2010,12,12,1700,31.4,80.8,34,283,48
2010,12,12,1800,31.6,76.8,35,281,46
2010,12,12,1900,31.3,75,31,282,42
2010,12,12,2000,30.6,76.4,28,275,37
2010,12,12,2100,30,76.7,25,271,31
2010,12,12,2200,29.9,74.7,24,276,34
2010,12,12,2300,29.6,74.4,23,274,30
2010,12,13,0,29.9,71.5,20,274,26
2010,12,13,100,29.8,72.2,25,269,30
2010,12,13,200,29.2,73.7,26,270,32
2010,12,13,300,29.2,73.8,27,270,37
2010,12,13,400,29.3,73.8,26,272,34
2010,12,13,500,29.4,75.5,22,274,27
2010,12,13,600,29.2,72.9,18,277,25
2010,12,13,700,29.3,71.3,19,274,24
2010,12,13,800,28.9,71.2,20,272,24
2010,12,13,900,28.2,78.4,21,277,29
2010,12,13,1000,26.5,90.9,25,273,29
2010,12,13,1100,27.4,91.9,23,276,27
2010,12,13,1200,28.6,91.6,19,272,25
2010,12,13,1300,29.3,90.9,20,277,25
2010,12,13,1400,29.6,90,17,273,22
2010,12,13,1500,29,90.6,14,268,21
2010,12,13,1600,28.8,89.9,19,275,25
2010,12,13,1700,28.5,89.2,17,271,22
2010,12,13,1800,28.6,88.2,18,273,24
2010,12,13,1900,28.4,86.4,18,271,29
2010,12,13,2000,27.9,85.7,19,277,24
2010,12,13,2100,28.3,83.3,14,267,21
2010,12,13,2200,28.5,82.7,10,270,16
2010,12,13,2300,28.6,82.6,10,254,14
2010,12,14,0,28.2,80.7,14,255,23
2010,12,14,100,28.3,79.5,16,266,23
2010,12,14,200,28.4,78.7,17,270,22
2010,12,14,300,28.6,77.6,16,265,22
2010,12,14,400,28.6,81.7,17,265,24
2010,12,14,500,29,83.1,18,265,26
2010,12,14,600,28.7,83,20,264,27
2010,12,14,700,28.5,79.6,18,261,24
2010,12,14,800,28.4,75.3,16,260,25
2010,12,14,900,28.9,72.5,17,255,23
2010,12,14,1000,30.1,70.7,19,258,27
2010,12,14,1100,30.6,71.6,18,263,25
2010,12,14,1200,29.7,78.6,21,268,35
2010,12,14,1300,27.5,87.5,26,278,35
2010,12,14,1400,26.1,91.7,24,274,33
2010,12,14,1500,27.7,88.1,18,270,26
2010,12,14,1600,25.5,89.9,24,269,56
2010,12,14,1700,21.3,89.1,28,269,36
2010,12,14,1800,20.6,88.8,22,270,27
2010,12,14,1900,20.2,88.6,21,271,32
2010,12,14,2000,19,87.9,19,266,29
2010,12,14,2100,18.6,87.8,19,270,26
2010,12,14,2200,17.9,87.3,19,267,24
2010,12,14,2300,16.5,86.5,16,271,22
2010,12,15,0,14.1,85,14,270,22
2010,12,15,100,12.5,84.3,13,261,17
2010,12,15,200,10.3,76.7,9,243,12
2010,12,15,300,10.3,83.4,11,260,17
2010,12,15,400,9.8,83.3,13,256,20
2010,12,15,500,10.6,83.4,14,262,19
2010,12,15,600,10.8,83.5,14,268,22
2010,12,15,700,10.6,83.3,13,267,18
2010,12,15,800,10.1,83,17,270,23
2010,12,15,900,10.3,83.1,15,269,20
2010,12,15,1000,10.6,83.1,15,275,23
2010,12,15,1100,11.1,83.3,15,269,21
2010,12,15,1200,11.7,83.5,15,274,22
2010,12,15,1300,12.2,83.7,16,275,22
2010,12,15,1400,12.9,83.8,16,276,21
2010,12,15,1500,12.6,83.1,17,276,22
2010,12,15,1600,11.6,82.6,21,276,27
2010,12,15,1700,11.1,82.3,24,273,33
2010,12,15,1800,10.7,81.1,25,273,34
2010,12,15,1900,10.3,80.3,22,273,32
2010,12,15,2000,10.3,78.9,21,275,29
2010,12,15,2100,9.1,80.4,18,273,26
2010,12,15,2200,7.7,81.3,21,272,29
2010,12,15,2300,6.9,79.9,20,265,29
2010,12,16,0,6.5,79.6,16,265,24
2010,12,16,100,6.1,78.7,14,262,19
2010,12,16,200,5.2,79,10,262,12
2010,12,16,300,5.7,79.5,9,261,12
2010,12,16,400,6.9,78.4,11,267,14
2010,12,16,500,7.5,78.8,7,259,12
2010,12,16,600,8.1,78.2,7,257,11
2010,12,16,700,7.1,81.2,17,272,20
2010,12,16,800,6.7,81.7,18,276,20
2010,12,16,900,7.4,81.9,17,279,19
2010,12,16,1000,8.6,82.3,15,278,18
2010,12,16,1100,10.3,82.2,15,278,18
2010,12,16,1200,12.1,80.1,14,279,17
2010,12,16,1300,12.3,78.1,13,277,16
2010,12,16,1400,11.4,78.3,13,278,15
2010,12,16,1500,9.9,79.4,9,282,12
2010,12,16,1600,9.2,81.2,6,279,9
2010,12,16,1700,7.5,80.4,7,278,10
2010,12,16,1800,5.9,80.6,8,282,10
2010,12,16,1900,5.5,79.8,7,287,8
2010,12,16,2000,5.2,78.7,6,296,8
2010,12,16,2100,4.2,77.8,1,124,3
2010,12,16,2200,5.3,75,2,84,5
2010,12,16,2300,6.3,75.6,5,96,7
2010,12,17,0,5.6,77.3,6,109,8
2010,12,17,100,5.7,74.9,6,126,8
2010,12,17,200,5.2,76.7,9,119,14
2010,12,17,300,5.5,79.2,12,133,15
2010,12,17,400,5.5,81.7,12,134,14
2010,12,17,500,5.6,80.7,13,136,14
2010,12,17,600,5.3,78.2,14,131,17
2010,12,17,700,4.8,78.2,15,136,17
2010,12,17,800,4.7,74.1,16,136,19
2010,12,17,900,5.7,69.3,16,137,18
2010,12,17,1000,9.1,62.9,17,136,21
2010,12,17,1100,9.7,63.5,16,130,21
2010,12,17,1200,10.2,62.3,17,129,20
2010,12,17,1300,11.3,57.8,13,135,17
2010,12,17,1400,12.3,56.4,4,170,11
2010,12,17,1500,12.7,52.5,3,281,5
2010,12,17,1600,9.9,56,2,261,4
2010,12,17,1700,7.1,57.5,1,165,3
2010,12,17,1800,5.5,61.9,3,242,7
2010,12,17,1900,4.2,65.4,4,236,6
2010,12,17,2000,3.5,67.5,5,248,7
2010,12,17,2100,3.9,65.9,6,258,7
2010,12,17,2200,4.8,63,6,267,8
2010,12,17,2300,3.9,64.9,8,267,10
2010,12,18,0,2.9,67.7,6,269,9
2010,12,18,100,2.3,72.6,5,251,7
2010,12,18,200,2.4,76.5,6,234,8
2010,12,18,300,2.6,77.1,5,243,7
2010,12,18,400,3.2,73.7,4,212,7
2010,12,18,500,3.6,70.8,4,214,7
2010,12,18,600,5.1,66.9,3,168,6
2010,12,18,700,6.2,62.3,4,179,6
2010,12,18,800,7.5,59.5,5,161,8
2010,12,18,900,9.3,54,6,161,9
2010,12,18,1000,12.5,51.4,5,161,8
2010,12,18,1100,16.8,46.2,4,201,7
2010,12,18,1200,19.5,50.3,4,220,8
2010,12,18,1300,17.4,61.1,6,155,11
2010,12,18,1400,16.2,77.7,8,162,14
2010,12,18,1500,19.3,81.4,7,244,12
2010,12,18,1600,18,85.4,9,260,16
2010,12,18,1700,17.9,86.6,16,262,22
2010,12,18,1800,16.1,87.3,19,268,23
2010,12,18,1900,16.1,86.9,17,272,23
2010,12,18,2000,16,86.5,14,270,22
2010,12,18,2100,16.1,86.2,13,265,18
2010,12,18,2200,16.2,86.3,12,264,16
2010,12,18,2300,16.1,86.4,10,259,12
2010,12,19,0,16.7,86.8,8,255,11
2010,12,19,100,17.1,87.2,9,261,12
2010,12,19,200,17.2,87.4,12,261,18
2010,12,19,300,16.8,87.2,16,271,22
2010,12,19,400,16.9,87.1,16,267,20
2010,12,19,500,17,86.9,13,263,18
2010,12,19,600,15.4,86.1,13,260,19
2010,12,19,700,14.8,85.8,18,267,22
2010,12,19,800,14.6,85.7,15,271,19
2010,12,19,900,15,85.7,12,271,16
2010,12,19,1000,16.7,86.2,9,257,11
2010,12,19,1100,19.8,82.7,5,221,10
2010,12,19,1200,22.2,74.5,6,229,10
2010,12,19,1300,23.3,71.9,6,241,8
2010,12,19,1400,20.7,76.6,6,148,11
2010,12,19,1500,21.8,77.7,4,184,9
2010,12,19,1600,22.3,78,4,225,7
2010,12,19,1700,20.5,80,3,168,7
2010,12,19,1800,18.6,86.4,6,129,9
2010,12,19,1900,18.2,87.9,9,122,11
2010,12,19,2000,18.2,87.7,10,132,14
2010,12,19,2100,18.6,88,11,130,16
2010,12,19,2200,19.1,88.2,11,136,18
2010,12,19,2300,19.2,88.3,19,124,25
2010,12,20,0,20,88.6,12,174,22
2010,12,20,100,19,87.8,14,253,22
2010,12,20,200,18.3,87.6,22,267,29
2010,12,20,300,16.4,86.5,22,271,27
2010,12,20,400,14.2,85.3,26,271,38
2010,12,20,500,12.6,84.5,28,275,35
2010,12,20,600,11.8,84.2,25,275,33
2010,12,20,700,11.3,83.8,24,278,31
2010,12,20,800,11.4,83.9,22,277,29
2010,12,20,900,12.7,84.7,22,271,29
2010,12,20,1000,15.5,84.7,24,273,29
2010,12,20,1100,13.7,84.2,25,272,30
2010,12,20,1200,14.8,84.5,22,275,29
2010,12,20,1300,16.1,84.7,18,270,26
2010,12,20,1400,16.4,84.1,24,282,32
2010,12,20,1500,15.9,82.9,25,273,31
2010,12,20,1600,15.3,81.8,22,273,27
2010,12,20,1700,14,80.9,20,271,25
2010,12,20,1800,11.9,80.5,15,265,20
2010,12,20,1900,11.6,80.3,14,265,18
2010,12,20,2000,10.8,80.3,12,268,15
2010,12,20,2100,10.7,80,11,259,15
2010,12,20,2200,10.3,80.1,9,254,13
2010,12,20,2300,9.7,79.7,10,256,13
2010,12,21,0,9.9,78.7,10,263,12
2010,12,21,100,9.5,78.9,9,267,11
2010,12,21,200,9.7,78.9,9,276,11
2010,12,21,300,10.1,79,9,271,11
2010,12,21,400,10.3,78.7,8,253,9
2010,12,21,500,10.2,79.2,8,251,10
2010,12,21,600,10.3,78.9,7,249,8
2010,12,21,700,11.5,76.9,9,255,11
2010,12,21,800,12.6,74.3,9,263,10
2010,12,21,900,16,70,7,262,9
2010,12,21,1000,25.7,61.3,3,202,5
2010,12,21,1100,22,61.6,3,144,8
2010,12,21,1200,21.9,59.7,4,153,8
2010,12,21,1300,23.6,55.3,3,142,7
2010,12,21,1400,21.5,56,6,134,8
2010,12,21,1500,21.9,53.4,5,140,8
2010,12,21,1600,19.1,52.1,4,155,6
2010,12,21,1700,17.2,53.4,4,168,6
2010,12,21,1800,16.4,52,4,167,6
2010,12,21,1900,17.3,50.9,5,162,7
2010,12,21,2000,17.3,51.2,6,176,10
2010,12,21,2100,16.9,51.4,6,195,7
2010,12,21,2200,16.3,56,5,225,7
2010,12,21,2300,17,55.3,4,246,5
2010,12,22,0,17.4,53.7,5,265,6
2010,12,22,100,16.7,55.8,7,198,11
2010,12,22,200,18.8,67.2,6,213,10
2010,12,22,300,19.5,67.1,7,191,10
2010,12,22,400,18.4,72,6,228,10
2010,12,22,500,17.4,74.9,6,251,10
2010,12,22,600,18.6,75.1,6,237,10
2010,12,22,700,19.2,74.9,7,266,10
2010,12,22,800,18.7,78.7,7,249,9
2010,12,22,900,20.6,75.8,5,238,9
2010,12,22,1000,23.6,67.9,6,240,10
2010,12,22,1100,25.6,65.6,8,257,13
2010,12,22,1200,25.9,65.9,7,273,11
2010,12,22,1300,27.8,62.3,5,268,8
2010,12,22,1400,27.8,62.4,4,275,7
2010,12,22,1500,26.9,64.1,4,279,7
2010,12,22,1600,23.8,70.4,4,160,7
2010,12,22,1700,22.1,73.5,7,155,12
2010,12,22,1800,22.8,73.8,8,170,11
2010,12,22,1900,23.8,70.6,4,191,9
2010,12,22,2000,23.7,70.9,2,240,5
2010,12,22,2100,24.4,73.6,2,216,4
2010,12,22,2200,24,82.8,3,190,6
2010,12,22,2300,23,88.9,2,223,4
2010,12,23,0,0,0,0,0,0
2010,12,23,100,0,0,0,0,0
2010,12,23,200,0,0,0,0,0
2010,12,23,300,0,0,0,0,0
2010,12,23,400,0,0,0,0,0
2010,12,23,500,0,0,0,0,0
2010,12,23,600,0,0,0,0,0
2010,12,23,700,0,0,0,0,0
2010,12,23,800,21.1,89.5,21,270,24
2010,12,23,900,21.5,89.4,21,272,25
2010,12,23,1000,21.9,89.3,16,268,21
2010,12,23,1100,24.1,89.6,13,269,16
2010,12,23,1200,25.2,88.3,15,275,18
2010,12,23,1300,24.7,86.4,16,276,21
2010,12,23,1400,24.1,85.4,17,276,22
2010,12,23,1500,22.9,86.3,18,274,21
2010,12,23,1600,21.9,86.4,18,271,22
2010,12,23,1700,21.1,87.2,17,271,22
2010,12,23,1800,19.7,87.8,13,268,17
2010,12,23,1900,18.5,88.3,14,264,16
2010,12,23,2000,17.7,87.7,17,268,22
2010,12,23,2100,17.5,88.1,17,268,20
2010,12,23,2200,16,80.5,19,247,23
2010,12,23,2300,17.3,88.3,20,270,22
2010,12,24,0,17.4,88.1,19,272,22
2010,12,24,100,17.5,87.8,22,278,26
2010,12,24,200,17.5,87.4,23,274,26
2010,12,24,300,17.5,87.4,20,273,23
2010,12,24,400,17.7,86.8,17,269,22
2010,12,24,500,17.8,85.5,17,270,19
2010,12,24,600,17,84.9,14,265,15
2010,12,24,700,15.7,76.2,13,244,17
2010,12,24,800,17.5,78.1,15,264,17
2010,12,24,900,20.2,68.5,14,264,17
2010,12,24,1000,23.5,59.1,14,262,17
2010,12,24,1100,23.3,58.6,14,266,15
2010,12,24,1200,24.6,54.8,13,274,15
2010,12,24,1300,27.1,51.1,16,283,17
2010,12,24,1400,28.7,48,15,279,17
2010,12,24,1500,30,46.3,12,276,15
2010,12,24,1600,29.3,46.9,10,273,11
2010,12,24,1700,26.5,50.2,9,258,11
2010,12,24,1800,24.7,52.9,8,247,10
2010,12,24,1900,25.1,51.6,8,244,11
2010,12,24,2000,26.3,46.9,5,221,8
2010,12,24,2100,27.9,45.1,6,179,9
2010,12,24,2200,29.4,44.7,7,200,10
2010,12,24,2300,29.9,44.5,6,217,10
2010,12,25,0,29.5,42.8,6,230,10
2010,12,25,100,28.9,42.5,8,243,11
2010,12,25,200,29.5,42.6,9,247,12
2010,12,25,300,29.9,42.9,9,248,12
2010,12,25,400,29.7,42.2,9,244,11
2010,12,25,500,28.5,44.4,9,258,12
2010,12,25,600,28.9,44.2,11,251,14
2010,12,25,700,29.5,42.3,11,252,15
2010,12,25,800,29.5,41.4,11,247,15
2010,12,25,900,30.8,39.2,11,249,15
2010,12,25,1000,34.8,33.8,12,249,15
2010,12,25,1100,37.4,30.3,10,252,14
2010,12,25,1200,39.8,27.7,8,260,12
2010,12,25,1300,41.1,26.5,8,268,11
2010,12,25,1400,40.9,28.7,8,270,11
2010,12,25,1500,39.8,30.1,9,268,11
2010,12,25,1600,37.4,32.8,9,263,13
2010,12,25,1700,34.3,30.6,9,233,12
2010,12,25,1800,34.9,28.7,8,204,12
2010,12,25,1900,35.3,28.9,8,187,12
2010,12,25,2000,35.6,28.2,8,178,14
2010,12,25,2100,37,25.6,9,197,14
2010,12,25,2200,36,27.2,8,223,12
2010,12,25,2300,34.9,28.9,9,245,15
2010,12,26,0,35.1,26.9,7,215,12
2010,12,26,100,35.4,29.5,11,237,18
2010,12,26,100,35.5,29.4,11,234,17
2010,12,26,200,35.1,29.2,16,255,26
2010,12,26,300,36,28.2,17,256,28
2010,12,26,400,35.6,29.3,16,251,24
2010,12,26,500,34.9,29.2,13,241,21
2010,12,26,600,34.7,29.8,17,248,24
2010,12,26,700,34.6,31.9,22,261,32
2010,12,26,800,33,32.8,20,261,26
2010,12,26,900,32.9,34.6,22,262,28
2010,12,26,1000,34.6,35.4,21,265,27
2010,12,26,1100,32.9,43.5,17,264,22
2010,12,26,1200,31.3,48.8,22,270,33
2010,12,26,1300,29.3,54.8,22,277,29
2010,12,26,1400,28.2,63.5,21,277,26
2010,12,26,1500,27.1,73.6,26,272,37
2010,12,26,1600,24.9,84.3,25,277,36
2010,12,26,1700,23.3,89.1,23,281,35
2010,12,26,1800,22.3,89.5,25,282,35
2010,12,26,1900,21.3,89.7,26,279,37
2010,12,26,2000,20.3,88.7,22,277,32
2010,12,26,2100,19.7,88.2,23,275,29
2010,12,26,2200,18.5,87.4,24,282,31
2010,12,26,2300,17.7,84.4,27,278,38
2010,12,27,0,17.7,76.9,24,277,34
2010,12,27,100,16.8,79.2,27,281,38
2010,12,27,200,15.5,86,29,275,39
2010,12,27,300,15.5,85.8,28,273,37
2010,12,27,400,14.5,85.3,24,267,31
2010,12,27,500,12.1,84,22,267,28
2010,12,27,600,11.6,83.8,23,271,31
2010,12,27,700,11.3,83.6,29,282,41
2010,12,27,800,10.9,83.2,32,280,43
2010,12,27,900,11.4,83.3,34,277,43
2010,12,27,1000,13.4,82.1,36,279,46
2010,12,27,1100,13.8,80.4,36,280,47
2010,12,27,1200,14.5,78.4,38,281,47
2010,12,27,1300,14.4,78.9,33,284,45
2010,12,27,1400,14.1,76.6,35,284,49
2010,12,27,1500,14,71.9,39,279,48
2010,12,27,1600,13.5,68.7,35,278,46
2010,12,27,1700,12.9,70.2,35,275,47
2010,12,27,1800,13.1,71.3,37,283,49
2010,12,27,1900,13.4,70.7,36,281,46
2010,12,27,2000,13.5,69.6,31,284,42
2010,12,27,2100,13.7,69,28,282,38
2010,12,27,2200,13.6,68.1,29,283,37
2010,12,27,2300,12.9,67.4,26,280,32
2010,12,28,0,11.9,67.4,21,275,29
2010,12,28,100,12.1,65.9,19,273,25
2010,12,28,200,12.1,67.3,22,275,28
2010,12,28,300,13.8,67.1,22,276,27
2010,12,28,400,15.8,68.1,23,276,30
2010,12,28,500,16.4,72.2,23,280,30
2010,12,28,600,17,75,26,274,33
2010,12,28,700,17.4,76.6,26,275,30
2010,12,28,800,17.5,78.2,25,276,30
2010,12,28,900,18.2,77.4,24,275,31
2010,12,28,1000,19,76.4,22,273,27
2010,12,28,1100,21.3,72.9,20,266,26
2010,12,28,1200,21.7,73.9,21,276,30
2010,12,28,1300,20.7,77.2,15,274,21
2010,12,28,1400,21.1,77.7,14,267,17
2010,12,28,1500,22,75.8,12,270,14
2010,12,28,1600,20.6,79.1,13,275,18
2010,12,28,1700,19.9,83.5,17,266,22
2010,12,28,1800,19.3,87.5,20,273,24
2010,12,28,1900,19.9,88.5,22,268,29
2010,12,28,2000,19.8,88.2,23,269,29
2010,12,28,2100,19.2,87.8,22,275,29
2010,12,28,2200,19.1,87.8,21,275,26
2010,12,28,2300,19.2,87.7,18,275,22
2010,12,29,0,19.3,87.1,13,268,17
2010,12,29,100,19.4,86.3,16,269,20
2010,12,29,200,19.2,87.7,14,268,17
2010,12,29,300,19,88,12,264,16
2010,12,29,400,18.8,88,10,269,15
2010,12,29,500,19,88,11,258,18
2010,12,29,600,18.6,87.8,13,269,17
2010,12,29,700,18.4,87.7,14,272,18
2010,12,29,800,18.5,87.8,15,277,20
2010,12,29,900,18.7,87.9,15,277,19
2010,12,29,1000,19.2,88,15,277,18
2010,12,29,1100,19.9,88.3,14,280,19
2010,12,29,1200,20.6,88.5,14,271,18
2010,12,29,1300,21.4,88.7,12,279,16
2010,12,29,1400,22.4,88.6,8,277,12
2010,12,29,1500,20.2,86.1,8,274,11
2010,12,29,1600,15.6,85.1,6,259,13
2010,12,29,1700,10.5,82.2,5,135,11
2010,12,29,1800,6.8,81.3,5,121,11
2010,12,29,1900,3.7,79.6,7,117,11
2010,12,29,2000,2.2,78.7,7,115,9
2010,12,29,2100,1,78.1,9,134,12
2010,12,29,2200,-0.8,77.2,11,123,15
2010,12,29,2300,-1.7,76.5,15,108,18
2010,12,30,0,-2.7,76.2,16,111,19
2010,12,30,100,-2.9,75.9,18,118,24
2010,12,30,200,-4.1,75.3,19,117,22
2010,12,30,300,-4.9,74.9,20,116,24
2010,12,30,400,-5.5,74.5,17,113,23
2010,12,30,500,-6,74.3,15,108,20
2010,12,30,600,-6.7,73.8,16,112,19
2010,12,30,700,-7.4,73.4,19,110,24
2010,12,30,800,-8.6,72.7,16,111,21
2010,12,30,900,-9.6,72.3,16,112,20
2010,12,30,1000,-9.2,72.3,18,113,23
2010,12,30,1100,-8.5,72.6,15,116,18
2010,12,30,1200,-8.1,72.7,13,120,16
2010,12,30,1300,-7.4,72.9,11,120,14
2010,12,30,1400,-7.2,72.8,11,120,15
2010,12,30,1500,-8.3,72.6,12,120,16
2010,12,30,1600,-9.8,71.5,7,107,11
2010,12,30,1700,-12.3,70.7,8,117,11
2010,12,30,1800,-13.1,70.2,8,107,11
2010,12,30,1900,-14,69.9,8,88,12
2010,12,30,2000,-14.2,69.7,7,104,9
2010,12,30,2100,-14.9,69.3,8,101,10
2010,12,30,2200,-14.2,69.9,9,99,12
2010,12,30,2300,-11.7,71,9,107,11
2010,12,31,0,-11.6,71.1,10,105,15
2010,12,31,100,-11.8,70.8,12,114,15
2010,12,31,200,-12.3,70.6,12,112,15
2010,12,31,300,-12.6,70.5,12,114,18
2010,12,31,400,-12.7,70.4,13,113,18
2010,12,31,500,-13.1,70.2,12,118,16
2010,12,31,600,-13.5,70,10,122,13
2010,12,31,700,-13.5,70,9,123,11
2010,12,31,800,-13.1,70.3,6,102,11
2010,12,31,900,-11.1,71.4,4,78,8
2010,12,31,1000,-8.5,72.4,5,106,8
2010,12,31,1100,-3.9,74.3,6,136,8
2010,12,31,1200,-0.5,75.7,4,137,6
2010,12,31,1300,-1.2,74,1,176,4
2010,12,31,1400,-6.1,72.6,5,250,8
2010,12,31,1500,-7.2,72.7,10,269,13
2010,12,31,1600,-7.9,72.8,16,273,22
2010,12,31,1700,-9.2,72.3,21,278,23
2010,12,31,1800,-10.5,71.7,22,273,25
2010,12,31,1900,-10.7,71.6,25,271,29
2010,12,31,2000,-10.5,71.8,25,271,28
2010,12,31,2100,-9.5,72.3,26,269,28
2010,12,31,2200,-8.2,72.9,25,271,28
2010,12,31,2300,-7.8,73,26,273,29
2011,1,1,0,-7.4,73.3,28,275,30
2011,1,1,100,-7.7,73,28,275,30
2011,1,1,200,-9.1,72.3,27,277,30
2011,1,1,300,-9,72.5,27,277,30
2011,1,1,400,-8.4,72.8,27,273,29
2011,1,1,500,-8.2,72.8,26,274,29
2011,1,1,600,-8,73,26,271,30
2011,1,1,700,-7.4,73.3,26,272,30
2011,1,1,800,-6.7,73.6,24,271,26
2011,1,1,900,-5.8,74.2,27,272,29
2011,1,1,1000,-3.2,75.3,26,273,29
2011,1,1,1100,-1.6,75.8,27,275,29
2011,1,1,1200,-1.5,75.8,28,272,30
2011,1,1,1300,0.4,76.9,30,271,35
2011,1,1,1400,1.2,77.4,33,273,37
2011,1,1,1500,2.1,78.2,33,274,36
2011,1,1,1600,2.7,78.5,32,273,34
2011,1,1,1700,1.6,78,32,270,34
2011,1,1,1800,1.3,78,32,272,36
2011,1,1,1900,1.3,78.1,30,270,33
2011,1,1,2000,1.7,78.4,29,272,33
2011,1,1,2100,3.1,79.1,33,271,37
2011,1,1,2200,3.7,79.4,35,270,39
2011,1,1,2300,4.5,79.9,35,273,38
2011,1,2,0,5.7,80.6,31,273,36
2011,1,2,100,5.7,80.6,32,270,34
2011,1,2,200,6.9,81.2,29,270,35
2011,1,2,300,7.2,81.3,28,270,31
2011,1,2,400,6.9,81.1,28,270,33
2011,1,2,500,6.7,81,27,272,33
2011,1,2,600,7.2,81.3,28,272,33
2011,1,2,700,6.9,81.2,28,274,33
2011,1,2,800,7.2,81.3,27,276,33
2011,1,2,900,7.7,81.7,24,272,29
2011,1,2,1000,8.3,81.8,21,275,25
2011,1,2,1100,8.7,81.8,22,276,27
2011,1,2,1200,9.1,81.4,17,269,21
2011,1,2,1300,7.8,81,17,273,22
2011,1,2,1400,7.5,81.1,20,273,25
2011,1,2,1500,7.6,81.3,24,271,28
2011,1,2,1600,7.1,81.1,26,274,30
2011,1,2,1700,6.4,80.8,27,273,31
2011,1,2,1800,6.2,80.8,24,272,29
2011,1,2,1900,6.7,81.1,24,273,28
2011,1,2,2000,7,81.2,25,272,30
2011,1,2,2100,7.2,81.3,23,272,27
2011,1,2,2200,7.3,81.4,22,271,25
2011,1,2,2300,7.4,81.4,23,272,27
2011,1,3,0,7.2,81.3,23,270,28
2011,1,3,100,7,81.1,21,269,24
2011,1,3,200,6.6,81,21,268,25
2011,1,3,300,6.2,80.7,19,269,22
2011,1,3,400,5.7,80.5,21,269,24
2011,1,3,500,5.8,80.6,22,266,26
2011,1,3,600,5.7,80.5,23,268,27
2011,1,3,700,5.4,80.4,24,272,28
2011,1,3,800,5.7,80.5,27,272,31
2011,1,3,900,5.7,80.5,29,275,32
2011,1,3,1000,6.3,80.8,29,275,35
2011,1,3,1100,7.6,81.4,28,276,31
2011,1,3,1200,8.1,81.6,27,276,29
2011,1,3,1300,8.5,81.8,25,276,28
2011,1,3,1400,8.1,81.4,25,279,28
2011,1,3,1500,8.2,81.5,27,276,30
2011,1,3,1600,8.2,81.8,28,277,31
2011,1,3,1700,7.5,81.4,28,269,30
2011,1,3,1800,6.8,81,27,271,29
2011,1,3,1900,7.3,81.2,27,275,29
2011,1,3,2000,7.6,81.4,24,270,28
2011,1,3,2100,7.5,81.3,21,267,23
2011,1,3,2200,7.6,81.4,23,267,27
2011,1,3,2300,7.6,81.4,27,273,31
2011,1,4,0,7.6,81.5,26,273,30
2011,1,4,100,7.5,81.4,23,270,30
2011,1,4,200,7.6,81.5,25,267,28
2011,1,4,300,8.6,82,27,267,31
2011,1,4,400,8.8,82,27,271,31
2011,1,4,500,9,82.2,30,272,33
2011,1,4,600,8.8,82.1,28,271,32
2011,1,4,700,9.1,82.3,28,272,32
2011,1,4,800,8.8,82,28,274,32
2011,1,4,900,8.8,82.2,31,272,35
2011,1,4,1000,10.6,83.3,31,273,34
2011,1,4,1100,10.8,83,31,275,33
2011,1,4,1200,12.5,83.9,30,273,34
2011,1,4,1300,13.4,84.2,28,275,34
2011,1,4,1400,13.9,84.5,32,274,37
2011,1,4,1500,14.4,84.8,32,274,39
2011,1,4,1600,12.9,84.3,36,273,44
2011,1,4,1700,12.7,84.3,41,274,45
2011,1,4,1800,12.6,84.3,38,273,45
2011,1,4,1900,12.5,84.3,33,274,39
2011,1,4,2000,13.8,85.1,34,274,39
2011,1,4,2100,14.6,85.4,35,276,41
2011,1,4,2200,15.3,85.8,39,275,45
2011,1,4,2300,15.6,86,37,275,47
2011,1,5,0,15.5,85.9,33,273,39
2011,1,5,100,15.6,85.9,32,273,36
2011,1,5,200,15.6,85.9,32,275,37
2011,1,5,300,15.5,85.9,32,282,38
2011,1,5,400,15.3,85.8,30,295,37
2011,1,5,500,15.6,86,35,276,42
2011,1,5,600,15.6,86,41,268,45
2011,1,5,700,15.8,86.1,38,274,47
2011,1,5,800,15.7,86,39,272,51
2011,1,5,900,15.6,86,38,273,43
2011,1,5,1000,16.3,86.4,39,274,44
2011,1,5,1100,16.5,86.5,36,272,42
2011,1,5,1200,17,86.8,35,270,41
2011,1,5,1300,17.2,87,37,267,40
2011,1,5,1400,17.7,87.3,37,269,40
2011,1,5,1500,18.3,87.5,31,271,39
2011,1,5,1600,18.9,87.8,31,270,38
2011,1,5,1700,18.8,87.8,30,269,38
2011,1,5,1800,18.5,87.6,22,268,27
2011,1,5,1900,18.7,87.6,27,265,33
2011,1,5,2000,18.7,87.6,31,269,37
2011,1,5,2100,18.7,87.6,30,267,35
2011,1,5,2200,19.3,87.9,33,269,39
2011,1,5,2300,20.1,88.3,38,271,44
2011,1,6,0,20.2,88.5,39,270,47
2011,1,6,100,20,88.4,42,270,48
2011,1,6,200,20.1,88.4,34,267,43
2011,1,6,300,20.5,88.5,34,267,43
2011,1,6,400,20.8,88.8,33,266,39
2011,1,6,500,21.5,89.1,31,265,37
2011,1,6,600,21.9,89.4,33,268,36
2011,1,6,700,22.4,89.6,38,270,43
2011,1,6,800,23.5,90.1,34,271,44
2011,1,6,900,24.5,90.6,25,272,30
2011,1,6,1000,25.2,91.2,24,269,31
2011,1,6,1100,26.8,92,26,271,31
2011,1,6,1200,27.4,92.1,24,269,31
2011,1,6,1300,27.2,92,24,270,31
2011,1,6,1400,27.5,92.2,26,267,33
2011,1,6,1500,28.1,92.5,27,268,36
2011,1,6,1600,27.9,92.5,28,269,37
2011,1,6,1700,27.5,92.4,26,268,34
2011,1,6,1800,27.2,92.3,24,270,29
2011,1,6,1900,26.8,92.1,23,270,29
2011,1,6,2000,25.9,91.6,25,268,30
2011,1,6,2100,25.4,91.5,22,264,26
2011,1,6,2200,25.1,91.2,21,264,28
2011,1,6,2300,25.2,91.4,22,264,29
2011,1,7,0,25.6,91.6,16,260,20
2011,1,7,100,25.9,91.7,21,266,26
2011,1,7,200,25.5,91.5,22,266,26
2011,1,7,300,25.5,91.5,22,266,25
2011,1,7,400,25.6,91.5,21,262,24
2011,1,7,500,25.7,91.6,20,263,23
2011,1,7,600,25.8,91.6,17,261,20
2011,1,7,700,25.8,91.6,19,260,22
2011,1,7,800,26.1,91.8,15,265,20
2011,1,7,900,26.3,91.9,14,257,19
2011,1,7,1000,26.9,92.2,12,246,15
2011,1,7,1100,28.2,92.7,14,257,17
2011,1,7,1200,29.2,93.1,15,255,19
2011,1,7,1300,29.2,93.1,15,255,19
2011,1,7,1400,29.4,93.1,16,260,21
2011,1,7,1500,29.6,93.4,18,257,23
2011,1,7,1600,29.5,93.3,18,259,22
2011,1,7,1700,29,93.2,20,261,26
2011,1,7,1800,28.6,93,21,263,26
2011,1,7,1900,28.2,93,23,264,32
2011,1,7,2000,27.6,92.6,27,266,32
2011,1,7,2100,27.2,92.4,25,263,30
2011,1,7,2200,27,92.3,21,257,26
2011,1,7,2300,27,92.3,18,249,21
2011,1,8,0,26.5,92,20,256,26
2011,1,8,100,26.1,91.7,19,255,23
2011,1,8,200,25.7,91.5,17,253,22
2011,1,8,300,25.5,91.3,14,243,18
2011,1,8,400,24.9,90.9,14,245,22
2011,1,8,500,22,83,11,221,17
2011,1,8,600,23.2,90.2,13,244,20
2011,1,8,700,22.6,90,15,251,21
2011,1,8,800,22.4,89.9,16,253,23
2011,1,8,900,22.3,89.8,17,263,25
2011,1,8,1000,21.7,89.5,21,275,29
2011,1,8,1100,21,88.8,18,266,24
2011,1,8,1200,15.2,85.6,26,285,34
2011,1,8,1300,14.2,84.8,22,274,33
2011,1,8,1400,13,84.3,19,272,28
2011,1,8,1500,12.6,84.3,17,268,26
2011,1,8,1600,11.2,83.2,17,267,23
2011,1,8,1700,9.2,82.4,13,274,17
2011,1,8,1800,8.2,82,13,276,21
2011,1,8,1900,5.8,74.1,15,246,22
2011,1,8,2000,4.8,80.2,16,266,21
2011,1,8,2100,3.4,79.5,16,267,21
2011,1,8,2200,3.4,79.6,15,272,19
2011,1,8,2300,3.3,79.5,15,267,18
2011,1,9,0,4.1,80,16,267,20
2011,1,9,100,4.3,80,11,259,15
2011,1,9,200,4.2,80.1,11,268,14
2011,1,9,300,4.1,80,11,269,15
2011,1,9,400,3.8,79.7,9,273,11
2011,1,9,500,2.2,78.8,10,274,12
2011,1,9,600,1.4,78.4,10,273,11
2011,1,9,700,0.4,77.8,9,272,11
2011,1,9,800,-0.9,77.1,9,270,11
2011,1,9,900,-2,76.6,10,265,12
2011,1,9,1000,-1.4,76.8,8,265,9
2011,1,9,1100,-1.3,76.9,8,264,9
2011,1,9,1200,2.2,78.5,7,271,8
2011,1,9,1300,1.9,78.4,6,270,8
2011,1,9,1400,1.8,78.1,7,268,8
2011,1,9,1500,-0.7,76.9,9,266,11
2011,1,9,1600,-2.2,76.2,9,262,12
2011,1,9,1700,-3.6,75.5,8,261,10
2011,1,9,1800,-4.7,75,8,259,10
2011,1,9,1900,-6.5,74.1,7,256,10
2011,1,9,2000,-7.6,73.6,8,260,9
2011,1,9,2100,-8.1,73.2,7,260,9
2011,1,9,2200,-9.4,72.5,8,257,10
2011,1,9,2300,-11,71.6,7,243,9
2011,1,10,0,-12,71,9,261,12
2011,1,10,100,-12.7,70.8,11,269,14
2011,1,10,200,-13.4,70.3,11,266,13
2011,1,10,300,-14.5,69.8,11,258,13
2011,1,10,400,-14.6,69.7,13,265,15
2011,1,10,500,-15.5,69.1,11,251,12
2011,1,10,600,-16.1,68.9,11,257,14
2011,1,10,700,-15.5,69.2,13,259,15
2011,1,10,800,-16.7,68.6,14,267,17
2011,1,10,900,-17.2,68.4,16,262,20
2011,1,10,1000,-15.8,69,17,261,21
2011,1,10,1100,-14.1,69.7,18,268,21
2011,1,10,1200,-11.9,70.4,15,268,18
2011,1,10,1300,-11,70.1,16,269,21
2011,1,10,1400,-11,70.5,20,277,26
2011,1,10,1500,-11.3,70.7,18,277,20
2011,1,10,1600,-12.3,70.6,18,272,21
2011,1,10,1700,-14.5,69.5,18,275,20
2011,1,10,1800,-15.2,69.4,18,264,22
2011,1,10,1900,-14.2,69.9,16,271,18
2011,1,10,2000,-13.4,70.1,15,268,18
2011,1,10,2100,-14.2,69.7,15,267,16
2011,1,10,2200,-12.7,70.6,15,265,18
2011,1,10,2300,-11.1,71.5,14,264,18
2011,1,11,0,-9.9,71.9,13,259,16
2011,1,11,100,-8.4,72.9,14,262,18
2011,1,11,200,-6.5,73.8,15,265,19
2011,1,11,300,-5.7,74.3,16,270,21
2011,1,11,400,-5.2,74.6,17,268,21
2011,1,11,500,-4.2,75.2,19,272,25
2011,1,11,600,-3.6,75.4,18,275,22
2011,1,11,700,-3.4,75.5,18,271,22
2011,1,11,800,-3.6,75.4,19,273,25
2011,1,11,900,-3.1,75.8,16,272,20
2011,1,11,1000,4,81.6,13,263,17
2011,1,11,1100,5.9,81.3,14,267,18
2011,1,11,1200,2.9,77.5,13,277,16
2011,1,11,1300,4.8,77.6,10,275,12
2011,1,11,1400,5.6,78.4,11,271,15
2011,1,11,1500,7.4,79.9,12,276,16
2011,1,11,1600,4.1,79.1,13,264,17
2011,1,11,1700,3.1,78.7,10,261,15
2011,1,11,1800,1.2,77.8,9,254,12
2011,1,11,1900,1.5,78.2,11,253,15
2011,1,11,2000,2.7,78.8,14,259,19
2011,1,11,2100,3.2,78.9,15,261,19
2011,1,11,2200,4.2,79.5,14,262,16
2011,1,11,2300,5.3,80,14,259,17
2011,1,12,0,6.8,80.7,13,259,15
2011,1,12,100,7.2,80.9,13,261,16
2011,1,12,200,7.4,80.9,14,260,18
2011,1,12,300,9.2,82.1,17,261,22
2011,1,12,400,8.6,81.3,10,260,15
2011,1,12,500,7.2,80.9,12,267,16
2011,1,12,600,7.6,81.5,14,263,18
2011,1,12,700,12.4,84.7,21,263,26
2011,1,12,800,15.5,86,22,261,28
2011,1,12,900,17,86.7,20,269,30
2011,1,12,1000,18.5,87.1,18,273,22
2011,1,12,1100,18.9,87.2,20,272,26
2011,1,12,1200,19.6,87.4,21,278,26
2011,1,12,1300,19.5,87.4,21,278,27
2011,1,12,1400,19.7,87.4,20,277,25
2011,1,12,1500,20.6,88.1,22,282,26
2011,1,12,1600,0,0,0,0,0
2011,1,12,1700,21.2,88.9,33,278,40
2011,1,12,1800,21.4,89.1,33,279,41
2011,1,12,1900,21.1,89,33,274,42
2011,1,12,2000,22,89.5,38,278,49
2011,1,12,2100,22.7,89.9,40,274,50
2011,1,12,2200,22.7,89.8,37,269,47
2011,1,12,2300,22.8,89.9,40,271,50
2011,1,13,0,23,90,41,272,52
2011,1,13,100,23.2,90,39,271,52
2011,1,13,200,23.3,90.1,36,274,44
2011,1,13,300,23.5,90.2,37,274,46
2011,1,13,400,23.6,90.1,31,285,41
2011,1,13,500,23.4,90,28,282,37
2011,1,13,600,23.2,90,25,274,30
2011,1,13,700,23.3,90,23,275,30
2011,1,13,800,23.6,90.2,20,274,25
2011,1,13,900,24.3,90.4,21,276,29
2011,1,13,1000,25.4,90.6,22,269,29
2011,1,13,1100,26,90.5,25,273,32
2011,1,13,1200,25.6,90.3,25,284,31
2011,1,13,1300,25.6,90.3,25,277,33
2011,1,13,1400,26.1,90.7,25,281,33
2011,1,13,1500,26.3,90.7,21,278,27
2011,1,13,1600,26,90.8,19,279,23
2011,1,13,1700,25.3,90.8,19,278,25
2011,1,13,1800,25.1,90.8,20,276,25
2011,1,13,1900,25.1,90.9,17,277,23
2011,1,13,2000,25,91,17,272,23
2011,1,13,2100,25.3,91.2,25,277,35
2011,1,13,2200,25.4,91.1,24,275,33
2011,1,13,2300,24.8,90.9,24,272,35
2011,1,14,0,24.8,90.9,24,279,32
2011,1,14,100,24.8,90.8,24,272,30
2011,1,14,200,24.6,90.8,29,278,37
2011,1,14,300,24.7,90.7,31,277,39
2011,1,14,400,25,90.9,36,282,44
2011,1,14,500,25.2,91,37,278,50
2011,1,14,600,25.6,91.1,40,274,51
2011,1,14,700,25.5,90.9,41,273,50
2011,1,14,800,25.1,90.8,35,271,42
2011,1,14,900,24.8,90.8,30,275,40
2011,1,14,1000,25.1,90.7,29,271,37
2011,1,14,1100,25.6,90.6,28,274,39
2011,1,14,1200,26.2,90.5,29,276,39
2011,1,14,1300,26.6,90.3,32,273,41
2011,1,14,1400,26.3,90,31,277,41
2011,1,14,1500,25.9,89.5,33,277,44
2011,1,14,1600,25.9,88.5,34,273,44
2011,1,14,1700,25.7,87.9,36,272,47
2011,1,14,1800,25.8,88,27,270,34
2011,1,14,1900,25.9,88.3,26,271,33
2011,1,14,2000,26.9,88.4,31,272,39
2011,1,14,2100,27.2,88.8,29,272,36
2011,1,14,2200,27.1,89.1,25,272,32
2011,1,14,2300,27.4,89.4,24,272,33
2011,1,15,0,27.9,89,29,271,36
2011,1,15,100,27.8,88.5,30,271,37
2011,1,15,200,27.5,87.9,27,274,33
2011,1,15,300,26.6,88.9,24,268,33
2011,1,15,400,26.1,89.1,25,271,34
2011,1,15,500,25.4,88.9,26,272,37
2011,1,15,600,25.2,86.6,31,271,44
2011,1,15,700,24.6,85.5,38,272,48
2011,1,15,800,24.4,83.6,34,273,41
2011,1,15,900,23.9,82.3,30,272,38
2011,1,15,1000,24.5,81.2,27,275,36
2011,1,15,1100,25,80.8,26,273,36
2011,1,15,1200,24.8,80.8,26,275,36
2011,1,15,1300,24.3,82.9,24,271,31
2011,1,15,1400,24.1,85.3,20,271,25
2011,1,15,1500,23.8,86.7,20,274,24
2011,1,15,1600,23.5,88.4,24,271,33
2011,1,15,1700,23.2,90.5,20,268,22
2011,1,15,1800,23.2,88.3,21,271,27
2011,1,15,1900,22.8,85.8,22,273,29
2011,1,15,2000,21.9,84.7,26,273,33
2011,1,15,2100,21.4,83.4,26,272,31
2011,1,15,2200,21.7,81.5,22,271,26
2011,1,15,2300,22,80.3,22,268,27
2011,1,16,0,21.2,79.7,25,272,33
2011,1,16,100,21.3,78.2,24,277,32
2011,1,16,200,21.6,84.7,24,275,32
2011,1,16,300,21.7,89.8,24,274,33
2011,1,16,400,23.5,90.5,24,281,30
2011,1,16,500,24.1,90.7,26,273,33
2011,1,16,600,24.4,90.9,29,272,35
2011,1,16,700,25,91.4,34,273,47
2011,1,16,800,26.2,91.9,33,274,47
2011,1,16,900,26.7,92.1,24,271,30
2011,1,16,1000,27,92.3,22,269,29
2011,1,16,1100,28.1,92.8,23,268,30
2011,1,16,1200,28.7,93,23,267,30
2011,1,16,1300,28.9,93,25,272,34
2011,1,16,1400,29.4,93.3,25,272,30
2011,1,16,1500,29.9,93.6,25,271,39
2011,1,16,1600,30.2,93.8,22,269,30
2011,1,16,1700,30.1,93.9,23,268,29
2011,1,16,1800,30.1,93.9,24,269,33
2011,1,16,1900,27.6,86,23,248,34
2011,1,16,2000,30,93.9,26,270,35
2011,1,16,2100,30.1,93.9,27,271,36
2011,1,16,2200,30.2,93.9,29,273,39
2011,1,16,2300,29.9,93.7,28,274,35
2011,1,17,0,29.2,93.4,29,274,40
2011,1,17,100,28.2,92.9,28,274,34
2011,1,17,200,28,92.9,25,269,33
2011,1,17,300,28.1,92.8,24,270,30
2011,1,17,400,27.3,92.3,27,273,37
2011,1,17,500,26.6,92,25,272,34
2011,1,17,600,26.2,91.9,29,273,37
2011,1,17,700,23.9,84.2,24,249,35
2011,1,17,800,25.9,91.7,24,270,31
2011,1,17,900,25.9,91.7,21,273,28
2011,1,17,1000,26.2,91.8,22,273,26
2011,1,17,1100,26.8,91.8,24,274,29
2011,1,17,1200,26.5,91.5,19,278,25
2011,1,17,1300,26.2,91.3,24,276,30
2011,1,17,1400,26,91.1,25,277,30
2011,1,17,1500,25.6,91.3,28,275,36
2011,1,17,1600,25.6,91.4,27,273,38
2011,1,17,1700,25,91.2,27,270,34
2011,1,17,1800,24.4,91,30,271,37
2011,1,17,1900,23.6,90.6,36,274,43
2011,1,17,2000,22.8,90.1,30,274,40
2011,1,17,2100,22.2,89.8,31,274,42
2011,1,17,2200,21.8,89.7,36,272,46
2011,1,17,2300,21.5,89.5,30,272,38
2011,1,18,0,21.5,89.3,26,271,34
2011,1,18,100,20.7,88.9,25,269,37
2011,1,18,200,20.4,88.8,25,270,33
2011,1,18,300,20.3,88.7,27,271,36
2011,1,18,400,19.7,88.4,24,270,35
2011,1,18,500,19.1,88,26,271,33
2011,1,18,600,18.5,87.7,27,271,34
2011,1,18,700,17.9,87.3,29,274,38
2011,1,18,800,17.3,87,28,273,35
2011,1,18,900,16.8,86.7,31,273,37
2011,1,18,1000,16.9,86.6,30,271,36
2011,1,18,1100,17.4,86.5,28,272,34
2011,1,18,1200,17.8,86.4,28,272,34
2011,1,18,1300,18.5,86.3,23,272,30
2011,1,18,1400,19.2,86.2,20,275,24
2011,1,18,1500,21.6,84.2,22,273,28
2011,1,18,1600,18.4,85.3,22,272,29
2011,1,18,1700,17.6,86.6,17,276,22
2011,1,18,1800,17.3,87.2,15,274,22
2011,1,18,1900,17.3,87.1,13,276,17
2011,1,18,2000,17,86.9,7,273,12
2011,1,18,2100,16.7,86.7,5,251,7
2011,1,18,2200,16.5,86.6,4,245,6
2011,1,18,2300,15.7,86.2,5,254,7
2011,1,19,0,15.1,85.9,4,236,6
2011,1,19,100,14.5,85.6,7,162,14
2011,1,19,200,14.4,85.5,2,212,7
2011,1,19,300,14.4,85.5,4,233,7
2011,1,19,400,14.6,85.6,7,268,10
2011,1,19,500,14.1,85.3,8,269,10
2011,1,19,600,13.7,85.3,9,267,14
2011,1,19,700,13.3,85,10,269,14
2011,1,19,800,12.4,84.5,10,274,14
2011,1,19,900,11.7,84.1,13,266,17
2011,1,19,1000,11.9,84.1,16,271,22
2011,1,19,1100,11.3,83.5,19,276,26
2011,1,19,1200,11,83.3,23,276,27
2011,1,19,1300,11.9,83.1,24,275,28
2011,1,19,1400,11.9,82.7,23,268,27
2011,1,19,1500,12.7,82.2,23,269,29
2011,1,19,1600,12.6,81.7,18,268,24
2011,1,19,1700,11.7,82.4,18,270,22
2011,1,19,1800,9.5,82.5,17,268,26
2011,1,19,1900,7.7,81.9,21,269,26
2011,1,19,2000,6.3,81.2,20,268,26
2011,1,19,2100,5.9,81.2,19,267,25
2011,1,19,2200,5.8,81.1,20,268,25
2011,1,19,2300,5.7,81.1,21,270,27
2011,1,20,0,5.3,80.8,19,271,25
2011,1,20,100,5,80.5,25,274,34
2011,1,20,200,3.3,79.5,35,276,39
2011,1,20,300,2,79,38,277,43
2011,1,20,400,1.1,78.4,41,282,47
2011,1,20,500,1,78.4,38,274,44
2011,1,20,600,1,78.3,36,274,42
2011,1,20,700,1.2,78.5,36,273,40
2011,1,20,800,1.6,78.6,33,271,38
2011,1,20,900,3.5,79.7,38,273,44
2011,1,20,1000,5.3,80.5,38,272,43
2011,1,20,1100,7,81.1,33,271,40
2011,1,20,1200,8.6,81.8,33,272,38
2011,1,20,1300,10.9,82.7,33,274,40
2011,1,20,1400,11.8,82.7,30,274,33
2011,1,20,1500,12.6,83.7,33,274,38
2011,1,20,1600,13.9,84.7,31,273,43
2011,1,20,1700,15.1,85.6,31,273,38
2011,1,20,1800,16.1,86.3,32,273,40
2011,1,20,1900,17.3,87.2,34,273,45
2011,1,20,2000,17.5,87.1,30,274,38
2011,1,20,2100,17.2,87.2,31,275,38
2011,1,20,2200,17.3,87.3,30,274,40
2011,1,20,2300,17.3,87.3,30,273,36
2011,1,21,0,17.3,87.3,28,270,34
2011,1,21,100,17.2,87.2,29,267,36
2011,1,21,200,17.3,87.3,29,269,38
2011,1,21,300,17.3,87.2,29,272,38
2011,1,21,400,17.6,87.4,30,271,40
2011,1,21,500,17.7,87.4,30,269,39
2011,1,21,600,17.6,87.4,29,270,35
2011,1,21,700,17.9,87.5,30,272,36
2011,1,21,800,17.7,87.3,27,271,30
2011,1,21,900,17.8,87.4,30,273,38
2011,1,21,1000,18.6,87.6,38,274,43
2011,1,21,1100,20.3,86,37,273,44
2011,1,21,1200,19.9,84.1,33,275,39
2011,1,21,1300,21.3,84.4,29,276,34
2011,1,21,1400,22.2,84.3,28,275,33
2011,1,21,1500,21.9,86,26,276,33
2011,1,21,1600,22.6,87,30,280,36
2011,1,21,1700,22.6,87.4,30,278,38
2011,1,21,1800,22.5,87.5,29,278,37
2011,1,21,1900,22.8,88.5,25,274,32
2011,1,21,2000,23.1,90.1,24,276,31
2011,1,21,2100,23.1,90.4,24,276,35
2011,1,21,2200,23.4,90.4,26,272,35
2011,1,21,2300,23.3,90.5,28,268,39
2011,1,22,0,23,90.1,30,272,42
2011,1,22,100,21.9,89.5,31,269,42
2011,1,22,200,20.2,88.6,36,268,62
2011,1,22,300,18.7,87.8,42,261,57
2011,1,22,400,17.6,87.4,38,266,52
2011,1,22,500,17.3,87.1,32,266,44
2011,1,22,600,15.8,86.4,28,267,37
2011,1,22,700,15.5,86.2,24,270,34
2011,1,22,800,15.1,86,23,269,32
2011,1,22,900,15,86,28,270,33
2011,1,22,1000,15.8,86.3,24,270,33
2011,1,22,1100,16.2,86.5,21,272,30
2011,1,22,1200,16.8,86.7,15,280,24
2011,1,22,1300,17.5,86.9,16,277,24
2011,1,22,1400,17.4,86.7,13,270,20
2011,1,22,1500,17.6,87,15,273,22
2011,1,22,1600,18,87.1,19,275,27
2011,1,22,1700,17,86.6,27,273,33
2011,1,22,1800,15.1,85.8,29,271,33
2011,1,22,1900,13.3,85.2,33,271,38
2011,1,22,2000,13.4,85.2,36,270,40
2011,1,22,2100,13,84.9,37,269,41
2011,1,22,2200,12.5,84.6,40,270,45
2011,1,22,2300,11.8,84.2,37,270,43
2011,1,23,0,11.6,84.2,39,270,44
2011,1,23,100,11.4,84,37,272,43
2011,1,23,200,11.6,84.2,33,268,37
2011,1,23,300,11.9,84.3,33,270,37
2011,1,23,400,12.9,84.8,31,268,38
2011,1,23,500,13.1,84.8,29,268,37
2011,1,23,600,13.4,84.9,36,271,45
2011,1,23,700,14.1,85.2,34,273,41
2011,1,23,800,14.7,85.3,39,273,45
2011,1,23,900,14.9,85.5,40,275,45
2011,1,23,1000,16.9,86,42,274,48
2011,1,23,1100,19,86.5,34,272,44
2011,1,23,1200,19.5,86.6,29,275,37
2011,1,23,1300,19.9,86.4,28,276,38
2011,1,23,1400,20.4,87,28,276,34
2011,1,23,1500,20.7,87.6,31,278,42
2011,1,23,1600,21,88,27,279,36
2011,1,23,1700,21,88.5,27,275,38
2011,1,23,1800,21,89.2,28,269,35
2011,1,23,1900,21.1,89.3,34,270,51
2011,1,23,2000,20.1,88.4,30,275,40
2011,1,23,2100,17.4,87.2,19,270,33
2011,1,23,2200,16.9,86.9,14,283,19
2011,1,23,2300,15.9,86.4,15,273,18
2011,1,24,0,15.4,86.1,11,272,16
2011,1,24,100,15.2,86.1,12,270,16
2011,1,24,200,15.4,86.1,16,267,19
2011,1,24,300,15.3,86.1,16,268,22
2011,1,24,400,15.3,86.1,20,271,25
2011,1,24,500,15.3,86.1,24,273,29
2011,1,24,600,14.6,85.6,22,272,25
2011,1,24,700,13.1,85,25,282,27
2011,1,24,800,12.2,84.5,27,309,30
2011,1,24,900,13.1,84.8,23,276,30
2011,1,24,1000,14.1,84.7,24,273,29
