2010,2010,12,13,100,31,258,40,18.2
2010,2010,12,13,200,29,272,41,18.7
2010,2010,12,13,300,27,282,38,18.6
2010,2010,12,13,400,32,275,48,18.7
2010,2010,12,13,500,32,276,48,19.1
2010,2010,12,13,600,29,277,43,19.2
2010,2010,12,13,700,28,271,45,19.2
2010,2010,12,13,800,42,276,146,19.1
2010,2010,12,13,900,48,284,154,17.4
2010,2010,12,13,1000,63,288,128,17.2
2010,2010,12,13,1100,70,290,193,17.8
2010,2010,12,13,1200,97,291,271,18.8
2010,2010,12,13,1300,115,282,308,18.6
2010,2010,12,13,1400,119,269,271,18.9
2010,2010,12,13,1500,90,276,227,18.8
2010,2010,12,13,1600,71,286,271,18.7
2010,2010,12,13,1700,32,286,121,18.2
2010,2010,12,13,1800,21,290,28,17.7
2010,2010,12,13,1900,19,289,25,17.3
2010,2010,12,13,2000,17,263,22,17.1
2010,2010,12,13,2100,16,234,25,17.7
2010,2010,12,13,2200,25,247,43,18.6
2010,2010,12,13,2300,30,252,43,18.1
2010,2010,12,13,2400,25,247,34,17.5
2010,2010,12,14,100,24,208,30,17.7
2010,2010,12,14,200,24,198,37,18
2010,2010,12,14,300,23,210,31,18.4
2010,2010,12,14,400,24,216,35,18.3
2010,2010,12,14,500,30,238,40,17.3
2010,2010,12,14,600,31,232,42,16.9
2010,2010,12,14,700,30,216,42,16.8
2010,2010,12,14,800,35,204,45,17.1
2010,2010,12,14,900,44,202,73,17.5
2010,2010,12,14,1000,54,202,90,17.6
2010,2010,12,14,1100,51,201,64,17.5
2010,2010,12,14,1200,53,206,69,17.3
2010,2010,12,14,1300,42,219,64,16.9
2010,2010,12,20,100,29,257,52,11.3
2010,2010,12,20,200,26,263,47,10.8
2010,2010,12,20,300,24,258,55,10
2010,2010,12,20,400,39,281,59,6.7
2010,2010,12,20,500,37,281,58,3.7
2010,2010,12,20,600,35,290,56,2.4
2010,2010,12,20,700,32,285,59,1.9
2010,2010,12,20,800,49,286,296,1.4
2010,2010,12,20,900,69,288,307,2.1
2010,2010,12,20,1000,90,290,304,4.8
2010,2010,12,20,1100,145,285,362,6
2010,2010,12,20,1200,150,271,278,4.5
2010,2010,12,20,1300,118,288,217,5.5
2010,2010,12,20,1400,174,290,326,9.8
2010,2010,12,20,1500,159,287,318,10.3
2010,2010,12,20,1600,131,284,356,8.9
2010,2010,12,20,1700,29,278,99,5.8
2010,2010,12,20,1800,22,222,152,2.7
2010,2010,12,20,1900,21,217,25,1.6
2010,2010,12,20,2000,21,207,25,1.5
2010,2010,12,20,2100,22,208,29,1.8
2010,2010,12,20,2200,23,208,28,1.7
2010,2010,12,20,2300,21,213,29,2.1
2010,2010,12,20,2400,20,211,25,2.2
2010,2010,12,21,100,22,220,27,2.6
2010,2010,12,21,200,19,248,25,2.7
2010,2010,12,21,300,17,275,21,3.1
2010,2010,12,21,400,17,274,20,3.3
2010,2010,12,21,500,18,272,21,3.7
2010,2010,12,21,600,17,274,20,3.8
2010,2010,12,21,700,16,258,18,3.9
2010,2010,12,21,800,29,209,134,4.2
2010,2010,12,21,900,109,180,228,6.4
2010,2010,12,21,1000,115,186,199,9.7
2010,2010,12,21,1100,176,194,277,10.2
2010,2010,12,21,1200,237,181,300,11.5
2010,2010,12,21,1300,214,183,288,10.6
2010,2010,12,21,1400,193,190,280,10.4
2010,2010,12,21,1500,201,195,280,9.7
2010,2010,12,21,1600,172,197,265,9.9
2010,2010,12,21,1700,37,180,146,7.2
2010,2010,12,21,1800,21,178,26,6.3
2010,2010,12,21,1900,21,167,24,6.3
2010,2010,12,21,2000,22,168,25,6
2010,2010,12,21,2100,20,167,24,6.5
2010,2010,12,21,2200,18,168,20,6.9
2010,2010,12,21,2300,23,190,32,7.7
2010,2010,12,21,2400,24,187,28,8.5
2010,2010,12,22,100,20,179,27,9
2010,2010,12,22,200,18,162,23,8.8
2010,2010,12,22,300,17,162,23,8.7
2010,2010,12,22,400,17,187,22,9.6
2010,2010,12,22,500,20,184,25,10.2
2010,2010,12,22,600,22,195,29,10.7
2010,2010,12,22,700,22,204,29,10.8
2010,2010,12,22,800,26,207,97,10.6
2010,2010,12,22,900,56,205,143,11.1
2010,2010,12,22,1000,119,204,210,12.9
2010,2010,12,22,1100,167,198,266,13.4
2010,2010,12,22,1200,152,188,262,13.6
2010,2010,12,22,1300,152,182,348,13.9
2010,2010,12,22,1400,144,212,279,13.2
2010,2010,12,22,1500,181,193,297,12.7
2010,2010,12,22,1600,91,174,272,12.3
2010,2010,12,22,1700,32,174,69,13
2010,2010,12,22,1800,19,168,23,13.1
2010,2010,12,22,1900,18,193,22,13.7
2010,2010,12,22,2000,17,212,24,14.5
2010,2010,12,22,2100,16,219,19,14.8
2010,2010,12,22,2200,17,216,20,15.3
2010,2010,12,22,2300,16,255,21,15.6
2010,2010,12,22,2400,15,296,19,15.3
2010,2010,12,23,100,15,304,20,14.6
2010,2010,12,23,200,16,302,27,13.9
2010,2010,12,23,300,20,308,36,13.2
2010,2010,12,23,400,24,304,48,12.3
2010,2010,12,23,500,25,300,53,11.8
2010,2010,12,23,600,23,302,39,11
2010,2010,12,23,700,34,307,255,11.5
2010,2010,12,23,800,240,302,375,12.1
2010,2010,12,23,900,316,299,370,12.6
2010,2010,12,23,1000,340,290,368,15.2
2010,2010,12,23,1100,352,289,403,18.1
2010,2010,12,23,1200,359,290,393,20.3
2010,2010,12,23,1300,160,297,385,20.8
2010,2010,12,23,1400,137,295,249,17.5
2010,2010,12,23,1500,149,298,247,15.5
2010,2010,12,23,1600,116,300,222,14.1
2010,2010,12,23,1700,38,300,176,11.8
2010,2010,12,23,1800,19,303,24,9.6
2010,2010,12,23,1900,17,302,23,9.2
2010,2010,12,23,2000,17,298,21,9.6
2010,2010,12,23,2100,17,303,21,9.5
2010,2010,12,23,2200,16,313,19,8.3
2010,2010,12,23,2300,16,314,19,7.8
2010,2010,12,23,2400,17,327,24,8.8
2010,2010,12,24,100,24,289,78,9
2010,2010,12,24,200,17,296,26,9.8
2010,2010,12,24,300,19,296,22,8.1
2010,2010,12,24,400,20,294,23,8.8
2010,2010,12,24,500,20,296,23,9
2010,2010,12,24,600,20,299,23,10.1
2010,2010,12,24,700,20,304,22,10.8
2010,2010,12,24,800,26,324,61,12
2010,2010,12,24,900,40,322,136,15
2010,2010,12,24,1000,88,322,208,16.8
2010,2010,12,24,1100,131,318,218,16.6
2010,2010,12,24,1200,139,315,213,17.7
2010,2010,12,24,1300,157,303,246,19.3
2010,2010,12,24,1400,170,286,268,18.8
2010,2010,12,24,1500,190,290,285,20.1
2010,2010,12,24,1600,106,292,262,20.9
2010,2010,12,24,1700,36,293,187,21.3
2010,2010,12,24,1800,18,285,24,19.7
2010,2010,12,24,1900,18,273,31,20.7
2010,2010,12,24,2000,20,246,26,20.6
2010,2010,12,24,2100,20,227,23,20.4
2010,2010,12,24,2200,24,218,31,20.7
2010,2010,12,24,2300,31,213,37,20.5
2010,2010,12,24,2400,32,206,38,21
2010,2010,12,25,100,30,203,38,21
2010,2010,12,25,200,34,210,41,21.1
2010,2010,12,25,300,38,211,46,21.1
2010,2010,12,25,400,39,217,47,21.4
2010,2010,12,25,500,34,226,45,21.9
2010,2010,12,25,600,32,233,39,23.1
2010,2010,12,25,700,32,219,40,22.2
2010,2010,12,25,800,35,218,43,22.4
2010,2010,12,25,900,36,215,54,23.1
2010,2010,12,25,1000,37,212,47,24.3
2010,2010,12,25,1100,41,213,64,25
2010,2010,12,25,1200,41,212,71,25.8
2010,2010,12,25,1300,49,210,87,26.3
2010,2010,12,25,1400,48,207,85,26.9
2010,2010,12,25,1500,48,204,98,27.2
2010,2010,12,25,1600,42,193,54,27.9
2010,2010,12,25,1700,30,172,49,26.9
2010,2010,12,25,1800,30,173,36,25
2010,2010,12,25,1900,30,171,37,25.1
2010,2010,12,25,2000,33,177,41,24.6
2010,2010,12,25,2100,34,178,41,25.9
2010,2010,12,25,2200,34,183,44,25.8
2010,2010,12,25,2300,38,187,45,28.2
2010,2010,12,25,2400,36,188,41,26.7
2010,2010,12,26,100,37,186,43,26.2
2010,2010,12,26,200,36,183,46,25.9
2010,2010,12,26,300,41,187,59,25.7
2010,2010,12,26,400,38,189,52,24.9
2010,2010,12,26,500,35,187,58,23.3
2010,2010,12,26,600,37,190,47,21.5
2010,2010,12,26,700,35,189,44,19.4
2010,2010,12,26,800,40,190,108,17.4
2010,2010,12,26,900,50,195,90,15.3
2010,2010,12,26,1000,51,193,100,15.6
2010,2010,12,26,1100,60,198,117,15.2
2010,2010,12,26,1200,55,199,113,14.4
2010,2010,12,26,1300,72,202,150,14.1
2010,2010,12,26,1400,134,201,286,14.3
2010,2010,12,26,1500,114,215,308,14
2010,2010,12,26,1600,178,246,363,13.3
2010,2010,12,26,1700,53,253,272,12.2
2010,2010,12,26,1800,21,236,36,11.4
2010,2010,12,26,1900,22,277,49,9.8
2010,2010,12,26,2000,23,283,35,8.3
2010,2010,12,26,2100,25,276,40,6.9
2010,2010,12,26,2200,22,254,33,6.6
2010,2010,12,26,2300,29,250,44,5.9
2010,2010,12,26,2400,31,248,46,5.4
2010,2010,12,27,100,32,247,51,5.4
2010,2010,12,27,200,31,286,55,3.2
2010,2010,12,27,300,28,290,42,2.2
2010,2010,12,27,400,28,288,43,1.5
2010,2010,12,27,500,35,285,56,0.7
2010,2010,12,27,600,42,289,65,0.1
2010,2010,12,27,700,43,290,62,0.2
2010,2010,12,27,800,42,288,59,0.8
2010,2010,12,27,900,51,289,181,1
2010,2010,12,27,1000,80,286,307,1.4
2010,2010,12,27,1100,104,289,261,1.7
2010,2010,12,27,1200,144,290,261,2.2
2010,2010,12,27,1300,130,287,258,3.3
2010,2010,12,27,1400,148,284,310,3.4
2010,2010,12,27,1500,168,286,353,3.1
2010,2010,12,27,1600,141,286,317,2.6
2010,2010,12,27,1700,38,286,182,1.5
2010,2010,12,27,1800,24,286,40,1
2010,2010,12,27,1900,24,284,73,1.1
2010,2010,12,27,2000,22,273,128,1.3
2010,2010,12,27,2100,22,266,56,1.3
2010,2010,12,27,2200,19,245,27,1
2010,2010,12,27,2300,19,232,37,1.2
2010,2010,12,27,2400,19,218,26,1.8
2010,2010,12,28,100,21,231,27,2.6
2010,2010,12,28,200,26,242,37,4.4
2010,2010,12,28,300,26,237,34,5.6
2010,2010,12,28,400,26,243,41,6.8
2010,2010,12,28,500,31,268,44,9.2
2010,2010,12,28,600,33,274,50,9.2
2010,2010,12,28,700,33,284,48,8.8
2010,2010,12,28,800,39,288,71,8.9
2010,2010,12,28,900,50,289,149,9.1
2010,2010,12,28,1000,102,285,242,9.8
2010,2010,12,28,1100,148,278,245,10.7
2010,2010,12,28,1200,141,277,257,12.7
2010,2010,12,28,1300,153,274,249,13.3
2010,2010,12,28,1400,206,272,332,13.8
2010,2010,12,28,1500,208,271,341,15
2010,2010,12,28,1600,182,260,320,12.8
2010,2010,12,28,1700,40,237,245,10.9
2010,2010,12,28,1800,25,236,32,10
2010,2010,12,28,1900,23,213,30,9
2010,2010,12,28,2000,26,208,36,8.8
2010,2010,12,28,2100,26,207,32,9.8
2010,2010,12,28,2200,26,196,36,10.4
2010,2010,12,28,2300,30,194,42,10.1
2010,2010,12,29,100,30,184,44,9.9
2010,2010,12,29,200,29,190,45,9.6
2010,2010,12,29,300,34,198,45,9.5
2010,2010,12,29,400,34,198,48,8.7
2010,2010,12,29,500,32,199,43,8.3
2010,2010,12,29,600,32,204,46,7.7
2010,2010,12,29,700,24,216,36,8
2010,2010,12,29,800,50,228,141,8.5
2010,2010,12,29,900,60,231,158,8.8
2010,2010,12,29,1000,153,224,318,9.3
2010,2010,12,29,1100,238,243,339,10.1
2010,2010,12,29,1200,268,238,334,11.4
2010,2010,12,29,1300,281,239,368,11.6
2010,2010,12,29,1400,295,277,377,12.3
2010,2010,12,29,1500,318,292,364,12.7
2010,2010,12,29,1600,302,299,374,12.3
2010,2010,12,29,1700,126,228,321,11.1
2010,2010,12,29,1800,28,202,76,9.1
2010,2010,12,29,1900,29,262,55,6.3
2010,2010,12,29,2000,21,2,51,1.9
2010,2010,12,29,2100,20,360,32,-1
2010,2010,12,29,2200,19,19,110,-3
2010,2010,12,29,2300,36,52,206,-4
2010,2010,12,29,2400,56,63,212,-5
2010,2010,12,30,100,26,128,116,-5.4
2010,2010,12,30,200,26,183,171,-5.9
2010,2010,12,30,300,87,206,213,-6.3
2010,2010,12,30,400,127,206,215,-6.8
2010,2010,12,30,500,33,209,83,-7.4
2010,2010,12,30,600,21,4,47,-8.5
2010,2010,12,30,700,41,53,225,-9.7
2010,2010,12,30,800,149,60,301,-10.2
2010,2010,12,30,900,221,63,366,-9.8
2010,2010,12,30,1000,288,86,369,-8.2
2010,2010,12,30,1100,218,102,313,-8.3
2010,2010,12,30,1200,251,61,392,-5.8
2010,2010,12,30,1300,344,3,390,-3.1
2010,2010,12,30,1400,200,73,377,-1.7
2010,2010,12,30,1500,175,77,343,-0.1
2010,2010,12,30,1600,226,56,376,-1.1
2010,2010,12,30,1700,67,75,339,-5.8
2010,2010,12,30,1800,46,69,271,-13.3
2010,2010,12,30,1900,101,39,293,-15.9
2010,2010,12,30,2000,47,48,209,-16.9
2010,2010,12,30,2100,92,18,260,-17.2
2010,2010,12,30,2200,99,11,243,-17.1
2010,2010,12,30,2300,95,3,250,-16.8
2010,2010,12,30,2400,62,31,218,-16.7
2010,2010,12,31,100,33,58,194,-16.6
2010,2010,12,31,200,22,72,87,-14.9
2010,2010,12,31,300,23,75,79,-12.8
2010,2010,12,31,400,39,64,231,-12.6
2010,2010,12,31,500,46,53,248,-12.5
2010,2010,12,31,600,24,70,144,-12.6
2010,2010,12,31,700,24,80,80,-12.3
2010,2010,12,31,800,117,47,356,-13.5
2010,2010,12,31,900,249,31,357,-12.3
2010,2010,12,31,1000,323,18,383,-0.7
2010,2010,12,31,1100,322,35,383,8.5
2010,2010,12,31,1200,307,44,379,11.8
2010,2010,12,31,1300,319,44,393,8.3
2010,2010,12,31,1400,314,44,397,6.2
2010,2010,12,31,1500,213,24,383,4.9
2010,2010,12,31,1600,118,350,209,0.7
2010,2010,12,31,1700,50,327,188,-2.7
2010,2010,12,31,1800,24,314,27,-8.3
2010,2010,12,31,1900,21,299,24,-11.1
2010,2010,12,31,2000,22,304,25,-12.1
2010,2010,12,31,2100,24,305,27,-13.7
2010,2010,12,31,2200,24,304,27,-13.7
2011,2010,12,31,100,33,58,194,-16.6
2011,2010,12,31,200,22,72,87,-14.9
2011,2010,12,31,300,23,75,79,-12.8
2011,2010,12,31,400,39,64,231,-12.6
2011,2010,12,31,500,46,53,248,-12.5
2011,2010,12,31,600,24,70,144,-12.6
2011,2010,12,31,700,24,80,80,-12.3
2011,2010,12,31,800,117,47,356,-13.5
2011,2010,12,31,900,249,31,357,-12.3
2011,2010,12,31,1000,323,18,383,-0.7
2011,2010,12,31,1100,322,35,383,8.5
2011,2010,12,31,1200,307,44,379,11.8
2011,2010,12,31,1300,319,44,393,8.3
2011,2010,12,31,1400,314,44,397,6.2
2011,2010,12,31,1500,213,24,383,4.9
2011,2010,12,31,1600,118,350,209,0.7
2011,2010,12,31,1700,50,327,188,-2.7
2011,2010,12,31,1800,24,314,27,-8.3
2011,2010,12,31,1900,21,299,24,-11.1
2011,2010,12,31,2000,22,304,25,-12.1
2011,2010,12,31,2100,24,305,27,-13.7
2011,2010,12,31,2200,24,304,27,-13.7
2011,2010,12,31,2300,23,305,28,-13.3
2011,2010,12,31,2400,22,305,25,-13.2
2011,2011,1,1,100,22,303,27,-14.6
2011,2011,1,1,200,20,305,25,-15.6
2011,2011,1,1,300,20,303,23,-15.5
2011,2011,1,1,400,20,306,23,-15.7
2011,2011,1,1,500,21,308,25,-16.3
2011,2011,1,1,600,20,310,24,-16.6
2011,2011,1,1,700,21,321,30,-16.2
2011,2011,1,1,800,29,325,88,-14.2
2011,2011,1,1,900,43,324,98,-8
2011,2011,1,1,1000,75,320,138,0.2
2011,2011,1,1,1100,88,318,174,2.3
2011,2011,1,1,1200,96,316,180,2
2011,2011,1,1,1300,98,312,184,4.9
2011,2011,1,1,1400,105,305,196,6.1
2011,2011,1,1,1500,104,294,186,3.3
2011,2011,1,1,1600,62,296,139,-2.1
2011,2011,1,1,1700,33,298,116,-3.5
2011,2011,1,1,1800,27,298,37,-3.9
2011,2011,1,1,1900,36,302,45,-3.8
2011,2011,1,1,2000,34,304,42,-2.8
2011,2011,1,1,2100,29,301,36,-2.7
2011,2011,1,1,2200,30,301,36,-2.3
2011,2011,1,1,2300,29,302,41,-1.4
2011,2011,1,1,2400,28,301,35,-0.8
2011,2011,1,2,100,31,305,41,-0.4
2011,2011,1,2,200,28,302,37,0.4
2011,2011,1,2,300,26,300,33,0.1
2011,2011,1,2,400,28,299,34,-0
2011,2011,1,2,500,24,297,31,-0.2
2011,2011,1,2,600,23,301,32,-0.2
2011,2011,1,2,700,22,302,28,-0.4
2011,2011,1,2,800,35,300,119,-0.6
2011,2011,1,2,900,54,298,140,-0.7
2011,2011,1,2,1000,79,294,156,-0.2
2011,2011,1,2,1100,99,294,202,1.3
2011,2011,1,2,1200,105,294,193,2.4
2011,2011,1,2,1300,110,296,198,2.6
2011,2011,1,2,1400,140,300,267,4.3
2011,2011,1,2,1500,138,302,260,5
2011,2011,1,2,1600,86,304,181,3.3
2011,2011,1,2,1700,38,304,131,0.9
2011,2011,1,2,1800,21,303,28,-0.7
2011,2011,1,2,1900,21,307,25,-1.1
2011,2011,1,2,2000,20,303,24,-1.2
2011,2011,1,2,2100,19,300,22,-1.3
2011,2011,1,2,2200,19,300,25,-1.4
2011,2011,1,2,2300,20,302,30,-1.4
2011,2011,1,2,2400,18,303,25,-1.5
2011,2011,1,3,100,18,308,24,-1.6
2011,2011,1,3,200,18,305,26,-1.8
2011,2011,1,3,300,18,299,24,-2.1
2011,2011,1,3,400,19,307,26,-2.5
2011,2011,1,3,500,19,311,21,-2.7
2011,2011,1,3,600,20,309,26,-3.2
2011,2011,1,3,700,21,316,24,-3.8
2011,2011,1,3,800,28,320,91,-3.3
2011,2011,1,3,900,46,324,107,0.1
2011,2011,1,3,1000,77,328,145,8.1
2011,2011,1,3,1100,110,326,182,12.4
2011,2011,1,3,1200,113,322,184,13.5
2011,2011,1,3,1300,116,323,189,14.4
2011,2011,1,3,1400,140,323,223,14.8
2011,2011,1,3,1500,124,317,188,13.6
2011,2011,1,3,1600,86,312,172,11.8
2011,2011,1,3,1700,35,308,93,8.6
2011,2011,1,3,1800,25,302,28,3.9
2011,2011,1,3,1900,27,300,32,1.6
2011,2011,1,3,2000,28,303,33,1.1
2011,2011,1,3,2100,28,300,33,1.8
2011,2011,1,3,2200,27,302,33,2.6
2011,2011,1,3,2300,28,304,33,2.6
2011,2011,1,3,2400,29,306,36,2
2011,2011,1,4,100,25,303,31,2
2011,2011,1,4,200,29,305,36,1.9
2011,2011,1,4,300,27,301,34,2
2011,2011,1,4,400,26,297,31,2.3
2011,2011,1,4,500,28,298,34,2.6
2011,2011,1,4,600,26,299,33,2.6
2011,2011,1,4,700,28,303,34,2.6
2011,2011,1,4,800,31,305,67,2.7
2011,2011,1,4,900,43,305,108,3.7
2011,2011,1,4,1000,68,305,130,10
2011,2011,1,4,1100,85,305,150,9
2011,2011,1,4,1200,93,301,158,11.1
2011,2011,1,4,1300,83,301,139,8.8
2011,2011,1,4,1400,89,334,155,7.1
2011,2011,1,4,1500,93,290,187,8
2011,2011,1,4,1600,67,289,137,8.8
2011,2011,1,4,1700,32,291,108,6.1
2011,2011,1,4,1800,24,286,30,5.6
2011,2011,1,4,1900,24,285,34,6.1
2011,2011,1,4,2000,29,290,35,6.2
2011,2011,1,4,2100,25,286,31,6.5
2011,2011,1,4,2200,24,287,29,6.7
2011,2011,1,4,2300,28,286,35,6.9
2011,2011,1,4,2400,25,288,32,7.1
2011,2011,1,5,100,24,290,31,6.9
2011,2011,1,5,200,25,284,38,7.3
2011,2011,1,5,300,27,283,38,7.2
2011,2011,1,5,400,25,278,35,6.6
2011,2011,1,5,500,30,278,37,5.7
2011,2011,1,5,600,25,284,34,5.5
2011,2011,1,5,700,23,286,54,6.2
2011,2011,1,5,800,54,284,161,6.8
2011,2011,1,5,900,56,283,155,6.9
2011,2011,1,5,1000,80,285,178,7.8
2011,2011,1,5,1100,121,281,226,9.8
2011,2011,1,5,1200,105,284,197,12.9
2011,2011,1,5,1300,108,288,213,14.6
2011,2011,1,5,1400,103,286,203,13.7
2011,2011,1,5,1500,99,286,184,13.7
2011,2011,1,5,1600,62,291,143,12.4
2011,2011,1,5,1700,30,288,87,11.1
2011,2011,1,5,1800,22,284,30,10.9
2011,2011,1,5,1900,20,277,26,11.3
2011,2011,1,5,2000,27,284,41,11.2
2011,2011,1,5,2100,28,285,41,11.8
2011,2011,1,5,2200,27,286,35,12.1
2011,2011,1,5,2300,24,282,35,12.1
2011,2011,1,5,2400,26,280,40,12.3
2011,2011,1,6,100,30,283,42,13.3
2011,2011,1,6,200,26,290,39,14.5
2011,2011,1,6,300,24,289,36,14.9
2011,2011,1,6,400,27,294,36,15.2
2011,2011,1,6,500,27,292,36,15.6
2011,2011,1,6,600,27,290,35,16.1
2011,2011,1,6,700,27,293,44,16.6
2011,2011,1,6,800,64,286,371,17.1
2011,2011,1,6,900,331,278,401,17.7
2011,2011,1,6,1000,341,276,387,18.6
2011,2011,1,6,1100,340,277,383,20.2
2011,2011,1,6,1200,353,274,395,22.3
2011,2011,1,6,1300,357,265,388,23.7
2011,2011,1,6,1400,355,266,388,23.4
2011,2011,1,6,1500,357,269,386,21.8
2011,2011,1,6,1600,348,267,374,21.3
2011,2011,1,6,1700,314,266,398,20.1
2011,2011,1,6,1800,231,272,276,18.7
2011,2011,1,6,1900,207,273,242,18.2
2011,2011,1,6,2000,199,252,243,18.3
2011,2011,1,6,2100,184,262,219,18.7
2011,2011,1,6,2200,176,248,211,19
2011,2011,1,6,2300,168,223,204,18.7
2011,2011,1,6,2400,174,213,204,18.8
2011,2011,1,7,100,166,219,199,18.8
2011,2011,1,7,200,155,261,184,18.4
2011,2011,1,7,300,157,259,185,18.2
2011,2011,1,7,400,156,259,186,18.1
2011,2011,1,7,500,157,259,195,18
2011,2011,1,7,600,153,258,190,17.9
2011,2011,1,7,700,148,258,184,18
2011,2011,1,7,800,152,258,186,18.1
2011,2011,1,7,900,291,258,383,18.4
2011,2011,1,7,1000,342,258,390,19.8
2011,2011,1,7,1100,145,278,339,22.1
2011,2011,1,7,1200,156,274,254,23
2011,2011,1,7,1300,135,274,227,23.5
2011,2011,1,7,1400,171,274,319,24.4
2011,2011,1,7,1500,201,270,327,24.4
2011,2011,1,7,1600,237,274,368,23
2011,2011,1,7,1700,270,275,378,21.8
2011,2011,1,7,1800,207,271,263,20.9
2011,2011,1,7,1900,178,271,214,20.2
2011,2011,1,7,2000,180,266,211,19.4
2011,2011,1,7,2100,172,265,193,18.5
2011,2011,1,7,2200,166,272,189,17.7
2011,2011,1,7,2300,167,268,188,17.2
2011,2011,1,7,2400,163,261,181,16.8
2011,2011,1,8,100,161,269,182,16.3
2011,2011,1,8,200,153,256,172,15.6
2011,2011,1,8,300,156,255,176,15.9
2011,2011,1,8,400,160,255,183,16.3
2011,2011,1,8,500,161,240,185,16.1
2011,2011,1,8,600,155,261,186,15.3
2011,2011,1,8,700,157,274,184,15
2011,2011,1,8,800,236,268,346,14.2
2011,2011,1,8,900,323,266,384,12.5
2011,2011,1,8,1000,349,258,390,11.8
2011,2011,1,8,1100,347,267,401,13.1
2011,2011,1,8,1200,361,267,396,13.8
2011,2011,1,8,1300,356,260,385,14.6
2011,2011,1,8,1400,351,276,390,13.9
2011,2011,1,8,1500,359,282,401,10.5
2011,2011,1,8,1600,358,283,391,7.3
2011,2011,1,8,1700,294,277,388,4.6
2011,2011,1,8,1800,248,317,299,2.1
2011,2011,1,8,1900,59,296,294,-0
2011,2011,1,8,2000,2,271,9,-2.1
2011,2011,1,8,2100,0,275,1,-3.6
2011,2011,1,8,2200,0,310,1,-4.6
2011,2011,1,8,2300,0,287,3,-5.7
2011,2011,1,8,2400,0,264,4,-6.6
2011,2011,1,9,100,0,259,2,-7.2
2011,2011,1,9,200,0,259,1,-8.1
2011,2011,1,9,300,0,259,2,-9
2011,2011,1,9,400,0,258,1,-9.2
2011,2011,1,9,500,0,253,1,-9
2011,2011,1,9,600,0,218,2,-9.2
2011,2011,1,9,700,0,207,4,-9.4
2011,2011,1,9,800,229,231,338,-9.5
2011,2011,1,9,900,319,230,379,-9.2
2011,2011,1,9,1000,352,246,400,-7.5
2011,2011,1,9,1100,358,264,381,-4.8
2011,2011,1,9,1200,349,268,377,-0.1
2011,2011,1,9,1300,352,312,375,4.6
2011,2011,1,9,1400,192,353,375,5.5
2011,2011,1,9,1500,272,311,392,5.3
2011,2011,1,9,1600,357,340,377,4.7
2011,2011,1,9,1700,97,0,394,2.1
2011,2011,1,9,1800,0,354,1,-0.7
2011,2011,1,9,1900,0,356,1,-3.2
2011,2011,1,9,2000,0,353,2,-5.2
2011,2011,1,9,2100,0,354,1,-6.7
2011,2011,1,9,2200,0,352,1,-7.7
2011,2011,1,9,2300,0,352,1,-8.4
2011,2011,1,9,2400,0,300,2,-8.8
2011,2011,1,10,100,1,321,4,-9.2
2011,2011,1,10,200,0,231,2,-9.7
2011,2011,1,10,300,0,325,1,-10.2
2011,2011,1,10,400,0,335,1,-10.5
2011,2011,1,10,500,0,230,2,-10.9
2011,2011,1,10,600,0,226,1,-11.5
2011,2011,1,10,700,0,221,3,-12.1
2011,2011,1,10,800,165,218,347,-12.6
2011,2011,1,10,900,282,356,378,-12.8
2011,2011,1,10,1000,346,353,389,-12.4
2011,2011,1,10,1100,332,352,375,-10.5
2011,2011,1,10,1200,337,353,375,-7.7
2011,2011,1,10,1300,340,354,377,-5.7
2011,2011,1,10,1400,352,357,386,-3.8
2011,2011,1,10,1500,336,359,379,-3.6
2011,2011,1,10,1600,166,313,367,-6.9
2011,2011,1,10,1700,30,284,73,-9.9
2011,2011,1,10,1800,24,286,30,-12.2
2011,2011,1,10,1900,23,280,29,-13.8
2011,2011,1,10,2000,22,282,27,-15
2011,2011,1,10,2100,23,283,27,-15.2
2011,2011,1,10,2200,22,288,27,-15
2011,2011,1,10,2300,21,286,25,-14.7
2011,2011,1,10,2400,21,283,28,-14.4
2011,2011,1,11,100,21,283,29,-14.2
2011,2011,1,11,200,21,276,29,-14
2011,2011,1,11,300,22,276,37,-13.8
2011,2011,1,11,400,22,276,32,-13.5
2011,2011,1,11,500,22,271,37,-13.2
2011,2011,1,11,600,24,269,79,-12.8
2011,2011,1,11,700,21,267,40,-12.7
2011,2011,1,11,800,32,264,146,-13.1
2011,2011,1,11,900,84,269,193,-10.6
2011,2011,1,11,1000,117,275,224,-0.5
2011,2011,1,11,1100,137,275,234,8.7
2011,2011,1,11,1200,116,266,192,13.3
2011,2011,1,11,1300,105,258,195,12.3
2011,2011,1,11,1400,87,264,154,10.2
2011,2011,1,11,1900,25,266,29,-2.8
2011,2011,1,11,2000,27,262,31,-2.9
2011,2011,1,11,2100,28,259,32,-2.3
2011,2011,1,11,2200,27,260,32,-1.3
2011,2011,1,11,2300,25,258,29,-0.4
2011,2011,1,11,2400,25,253,32,0.7
2011,2011,1,12,100,27,245,35,1.9
2011,2011,1,12,200,26,217,35,3.6
2011,2011,1,12,300,30,235,38,4.8
2011,2011,1,12,400,35,263,43,8.3
2011,2011,1,12,500,30,258,41,10
2011,2011,1,12,600,27,255,37,9.7
2011,2011,1,12,700,27,256,40,10.2
2011,2011,1,12,800,29,258,59,11.3
2011,2011,1,12,900,45,253,142,12.9
2011,2011,1,12,1000,76,238,171,13.6
2011,2011,1,12,1100,103,239,199,13.2
2011,2011,1,12,1200,94,255,245,13.7
2011,2011,1,12,1300,94,260,291,14
2011,2011,1,12,1400,94,264,247,13.9
2011,2011,1,12,1500,130,261,336,14.3
2011,2011,1,12,1600,64,266,291,14.2
2011,2011,1,12,1700,38,271,99,14
2011,2011,1,12,1800,37,275,83,13.7
2011,2011,1,12,1900,37,275,103,13.6
2011,2011,1,12,2000,36,274,72,13.5
2011,2011,1,12,2100,33,276,59,13.5
2011,2011,1,12,2200,33,274,45,13.8
2011,2011,1,12,2300,29,274,39,14.1
2011,2011,1,12,2400,30,273,43,14.1
2011,2011,1,13,100,32,274,44,14
2011,2011,1,13,200,36,276,54,14.1
2011,2011,1,13,300,29,274,56,14.2
2011,2011,1,13,400,26,269,40,14.3
2011,2011,1,13,500,21,264,45,14.5
2011,2011,1,13,600,19,258,28,14.7
2011,2011,1,13,700,29,257,42,14.9
2011,2011,1,13,800,30,241,88,15.3
2011,2011,1,13,900,46,239,138,15.8
2011,2011,1,13,1000,77,244,207,16.2
2011,2011,1,13,1100,105,254,334,17
2011,2011,1,13,1200,114,254,338,17.2
2011,2011,1,13,1300,108,264,288,17.8
2011,2011,1,13,1400,97,266,295,18.8
2011,2011,1,13,1500,129,262,275,18.5
2011,2011,1,13,1600,80,261,277,17.9
2011,2011,1,13,1700,37,268,323,17.2
2011,2011,1,13,1800,25,271,34,16.6
2011,2011,1,13,1900,26,272,38,16.3
2011,2011,1,13,2000,24,269,35,16.2
2011,2011,1,13,2100,21,275,28,16.1
2011,2011,1,13,2200,18,275,28,16
2011,2011,1,13,2300,111,273,162,15.9
2011,2011,1,13,2400,145,275,176,15.7
2011,2011,1,14,100,146,277,173,15.6
2011,2011,1,14,200,146,274,175,15.5
2011,2011,1,14,300,135,274,162,15.5
2011,2011,1,14,400,132,274,161,15.6
2011,2011,1,14,500,134,276,163,15.6
2011,2011,1,14,600,126,275,171,15.6
2011,2011,1,14,700,125,275,171,15.5
2011,2011,1,14,800,177,273,344,15.4
2011,2011,1,14,900,305,270,384,15.3
2011,2011,1,14,1000,346,272,380,15.8
2011,2011,1,14,1100,357,270,399,16.8
2011,2011,1,14,1200,358,268,388,17.5
2011,2011,1,14,1300,356,261,385,18.3
2011,2011,1,14,1400,360,250,393,17.8
2011,2011,1,14,1500,149,271,392,16.6
2011,2011,1,14,1600,71,270,202,16.3
2011,2011,1,14,1700,30,276,58,16.2
2011,2011,1,14,1800,21,275,30,16.2
2011,2011,1,14,1900,21,279,33,16.4
2011,2011,1,14,2000,23,278,37,17
2011,2011,1,14,2100,21,275,30,17.7
2011,2011,1,14,2200,23,272,36,18
2011,2011,1,14,2300,28,273,44,18.4
2011,2011,1,14,2400,27,272,39,18.4
2011,2011,1,15,100,27,274,43,18.2
2011,2011,1,15,200,28,267,42,17.6
2011,2011,1,15,300,19,270,30,17
2011,2011,1,15,400,22,274,31,16.4
2011,2011,1,15,500,25,275,36,15.7
2011,2011,1,15,600,28,278,42,15
2011,2011,1,15,700,25,279,38,14.2
2011,2011,1,15,800,31,279,124,13.7
2011,2011,1,15,900,68,270,261,13.3
2011,2011,1,15,1000,94,278,235,13.6
2011,2011,1,15,1100,115,287,240,14.3
2011,2011,1,15,1200,111,284,183,15
2011,2011,1,15,1300,124,285,281,15.4
2011,2011,1,15,1400,144,276,294,16.1
2011,2011,1,15,1500,130,278,240,15.8
2011,2011,1,15,1600,85,281,183,15.3
2011,2011,1,15,1700,36,278,110,14.6
2011,2011,1,15,1800,27,279,117,13.6
2011,2011,1,15,1900,23,279,33,12.8
2011,2011,1,15,2000,21,276,28,12.2
2011,2011,1,15,2100,28,275,39,11.7
2011,2011,1,15,2200,27,274,36,11.4
2011,2011,1,15,2300,26,268,34,11.2
2011,2011,1,15,2400,26,251,37,11.7
2011,2011,1,16,100,23,254,38,12.4
2011,2011,1,16,200,25,258,33,13.6
2011,2011,1,16,300,28,252,40,16
2011,2011,1,16,400,29,269,46,16.6
2011,2011,1,16,500,25,272,43,17
2011,2011,1,16,600,19,275,28,17.1
2011,2011,1,16,700,24,275,36,17.2
2011,2011,1,16,800,42,281,115,17.5
2011,2011,1,16,900,229,275,369,18.4
2011,2011,1,16,1000,337,281,399,19.4
2011,2011,1,16,1100,353,272,388,20.3
2011,2011,1,16,1200,363,274,405,21.3
2011,2011,1,16,1300,369,278,403,22.2
2011,2011,1,16,1400,369,273,420,22.6
2011,2011,1,16,1500,377,273,419,23
2011,2011,1,16,1600,354,273,399,22.8
2011,2011,1,16,1700,254,263,396,22.5
2011,2011,1,16,1800,168,239,197,22
2011,2011,1,16,1900,152,220,180,21.8
2011,2011,1,16,2000,154,217,194,21.9
2011,2011,1,16,2100,148,213,184,21.9
2011,2011,1,16,2200,148,215,166,21.8
2011,2011,1,16,2300,146,215,174,21.8
2011,2011,1,16,2400,148,269,174,21.4
2011,2011,1,17,100,138,289,169,20.8
2011,2011,1,17,200,131,284,161,19.9
2011,2011,1,17,300,124,286,148,19.1
2011,2011,1,17,400,130,281,153,18.4
2011,2011,1,17,500,125,286,151,17.7
2011,2011,1,17,600,125,288,150,17
2011,2011,1,17,700,120,294,152,16.5
2011,2011,1,17,800,273,289,346,16.3
2011,2011,1,17,900,336,287,385,16.2
2011,2011,1,17,1000,366,278,387,16.3
2011,2011,1,17,1100,366,281,412,16.4
2011,2011,1,17,1200,366,289,401,16.7
2011,2011,1,17,1300,190,282,385,18
2011,2011,1,17,1400,134,281,247,18.9
2011,2011,1,17,1500,128,286,277,18.8
2011,2011,1,17,1600,65,283,221,16.5
2011,2011,1,17,1700,223,283,354,15.3
2011,2011,1,17,1800,239,285,284,13.7
2011,2011,1,17,1900,220,284,257,13.2
2011,2011,1,17,2000,214,282,254,12.9
2011,2011,1,17,2100,212,280,246,13
2011,2011,1,17,2200,206,287,239,12.2
2011,2011,1,17,2300,193,284,216,11.5
2011,2011,1,17,2400,200,277,221,11.2
2011,2011,1,18,100,200,271,218,10.7
2011,2011,1,18,200,198,270,221,10
2011,2011,1,18,300,192,269,222,9.3
2011,2011,1,18,400,188,260,217,8.8
2011,2011,1,18,500,179,252,199,8.3
2011,2011,1,18,600,179,254,198,8
2011,2011,1,18,700,196,270,335,7.2
2011,2011,1,18,800,308,272,363,6.4
2011,2011,1,18,900,328,269,374,6
2011,2011,1,18,1000,353,272,397,6.4
2011,2011,1,18,1100,220,280,386,6.7
2011,2011,1,18,1200,108,282,246,7.2
2011,2011,1,18,1300,103,289,281,8.5
2011,2011,1,18,1400,145,279,267,9.8
2011,2011,1,18,1500,142,274,332,8.1
2011,2011,1,18,1600,131,265,284,7.1
2011,2011,1,18,1700,41,276,198,6.8
2011,2011,1,18,1800,22,269,31,6.5
2011,2011,1,18,1900,22,277,42,6.4
2011,2011,1,18,2000,22,281,43,6.4
2011,2011,1,18,2100,22,284,42,6.3
2011,2011,1,18,2200,23,289,42,6.2
2011,2011,1,18,2300,27,290,45,6.1
2011,2011,1,18,2400,26,290,61,5.9
2011,2011,1,19,100,21,287,48,5.7
2011,2011,1,19,200,22,296,47,5.3
2011,2011,1,19,300,21,331,36,4.3
2011,2011,1,19,400,19,329,27,3.1
2011,2011,1,19,500,19,309,26,2.9
2011,2011,1,19,600,18,311,23,2.6
2011,2011,1,19,700,24,300,151,2.1
2011,2011,1,19,800,73,304,181,1.9
2011,2011,1,19,900,101,285,218,1.7
2011,2011,1,19,1000,170,279,275,2.4
2011,2011,1,19,1100,223,283,311,4.2
2011,2011,1,19,1200,254,289,327,7.2
2011,2011,1,19,1300,269,277,347,5.8
2011,2011,1,19,1400,211,287,325,5.9
2011,2011,1,19,1500,133,283,232,5.2
2011,2011,1,19,1600,114,279,176,4.3
2011,2011,1,19,1700,45,280,183,1.7
2011,2011,1,19,1800,24,286,27,-4
2011,2011,1,19,1900,24,293,29,-5.8
2011,2011,1,19,2000,25,287,34,-5.7
2011,2011,1,19,2100,32,265,73,-5.5
2011,2011,1,19,2200,28,260,133,-5.8
2011,2011,1,19,2300,25,284,34,-5.9
2011,2011,1,19,2400,22,294,24,-6.6
2011,2011,1,20,100,22,296,25,-7.4
2011,2011,1,20,200,25,301,30,-7.6
2011,2011,1,20,300,29,292,32,-7.7
2011,2011,1,20,400,29,286,33,-7.5
2011,2011,1,20,500,26,291,31,-7.1
2011,2011,1,20,600,29,294,34,-6.2
2011,2011,1,20,700,35,270,85,-2.8
2011,2011,1,20,800,48,286,89,-1
2011,2011,1,20,900,52,284,140,2.2
2011,2011,1,20,1000,59,287,74,3.4
2011,2011,1,20,1100,65,288,120,4.7
2011,2011,1,20,1200,81,283,168,4.9
2011,2011,1,20,1300,88,280,251,6.1
2011,2011,1,20,1400,92,270,245,6.8
2011,2011,1,20,1500,67,276,155,7.5
2011,2011,1,20,1600,63,279,150,9.4
2011,2011,1,20,1700,33,272,92,9.2
2011,2011,1,20,1800,29,273,42,9.2
2011,2011,1,20,1900,38,287,53,9.6
2011,2011,1,20,2000,37,292,55,10
2011,2011,1,20,2100,125,276,285,9.4
2011,2011,1,20,2200,255,276,289,9.1
2011,2011,1,20,2300,232,262,273,9.6
2011,2011,1,20,2400,229,260,265,9.5
2011,2011,1,21,100,231,264,263,9.3
2011,2011,1,21,200,233,271,263,9.3
2011,2011,1,21,300,104,281,259,9.2
2011,2011,1,21,400,22,268,66,8.6
2011,2011,1,21,500,21,284,32,8.4
2011,2011,1,21,600,20,281,40,8.4
2011,2011,1,21,700,34,286,338,8.3
2011,2011,1,21,800,292,286,359,7.9
2011,2011,1,21,900,326,284,381,8.7
2011,2011,1,21,1000,362,293,390,10.4
2011,2011,1,21,1100,366,290,392,15.1
2011,2011,1,21,1200,259,288,392,18.9
2011,2011,1,21,1300,159,274,293,16.6
2011,2011,1,21,1400,234,267,366,13.9
2011,2011,1,21,1500,213,255,355,14.5
2011,2011,1,21,1600,115,254,318,14.1
2011,2011,1,21,1700,35,256,93,13.6
2011,2011,1,21,1800,31,260,49,15.1
2011,2011,1,21,1900,29,265,43,15.9
2011,2011,1,21,2000,35,267,52,16
2011,2011,1,21,2100,37,274,54,16
2011,2011,1,21,2200,37,277,49,15.3
2011,2011,1,21,2300,37,287,51,14.6
2011,2011,1,21,2400,34,285,49,14
2011,2011,1,22,100,32,279,46,13
2011,2011,1,22,200,35,283,62,11
2011,2011,1,22,300,38,289,57,9.4
2011,2011,1,22,400,36,297,63,8.1
2011,2011,1,22,500,29,278,47,7.3
2011,2011,1,22,600,25,269,39,6.5
2011,2011,1,22,700,22,279,33,5.8
2011,2011,1,22,800,31,283,104,4.5
2011,2011,1,22,900,65,275,182,3.8
2011,2011,1,22,1000,124,281,290,4.2
2011,2011,1,22,1100,227,289,315,5.2
2011,2011,1,22,1200,302,292,361,7.2
2011,2011,1,22,1300,275,294,361,9.4
2011,2011,1,22,1400,249,306,310,11.4
2011,2011,1,22,1500,278,293,323,13.6
2011,2011,1,22,1600,300,274,346,10.8
2011,2011,1,22,1700,72,287,291,8.9
2011,2011,1,22,1800,29,287,42,5.8
2011,2011,1,22,1900,24,281,28,4.2
2011,2011,1,22,2000,24,282,30,3.9
2011,2011,1,22,2100,24,298,29,3.2
2011,2011,1,22,2200,28,294,32,2.9
2011,2011,1,22,2300,27,301,34,3.7
2011,2011,1,22,2400,31,302,37,4.9
2011,2011,1,23,100,32,299,42,5.6
2011,2011,1,23,200,33,301,42,5.9
2011,2011,1,23,300,30,287,44,6.5
2011,2011,1,23,400,31,287,40,6.5
2011,2011,1,23,500,32,284,42,6.3
2011,2011,1,23,600,33,287,47,6.6
2011,2011,1,23,700,31,285,46,7.2
2011,2011,1,23,800,41,289,80,7.1
2011,2011,1,23,900,47,291,99,7.7
2011,2011,1,23,1000,76,284,189,9
2011,2011,1,23,1100,125,274,256,10.1
2011,2011,1,23,1200,156,270,371,10.7
2011,2011,1,23,1300,170,272,355,13.7
2011,2011,1,23,1400,126,275,310,14.4
2011,2011,1,23,1500,105,274,244,15.7
2011,2011,1,23,1600,86,277,213,12.5
2011,2011,1,23,1700,32,281,104,11.4
2011,2011,1,23,1800,33,290,54,11.2
2011,2011,1,23,1900,32,285,51,11.1
2011,2011,1,23,2000,30,279,45,10.6
2011,2011,1,23,2100,28,291,41,9.3
2011,2011,1,23,2200,23,293,31,7.5
2011,2011,1,23,2300,20,294,26,5.9
2011,2011,1,23,2400,19,286,28,5.4
2011,2011,1,24,100,23,295,49,5.2
2011,2011,1,24,200,21,288,41,4.8
2011,2011,1,24,300,18,284,24,4.2
2011,2011,1,24,400,19,283,27,3.2
2011,2011,1,24,500,19,306,25,1.8
2011,2011,1,24,600,24,310,29,1.1
2011,2011,1,24,700,25,313,33,1.2
2011,2011,1,24,800,39,312,105,1.3
2011,2011,1,24,900,53,312,114,5.2
2011,2011,1,24,1000,79,314,138,12.5
