2010,12,18,800,12.8,9,91,3,6,186,6999
2010,12,18,900,12.8,10,92,2,5,186,6999
2010,12,18,1000,12.9,12,92,2,6,185,6999
2010,12,18,1100,13.5,14,92,6,11,186,6999
2010,12,18,1200,14.6,16,90,7,13,185,6999
2010,12,18,1300,14.9,16,89,8,14,182,6999
2010,12,18,1400,14.9,17,87,9,15,180,6999
2010,12,18,1500,14.9,17,88,7,11,178,6999
2010,12,18,1600,14.5,16,92,7,11,178,6999
2010,12,18,1700,14.2,16,94,4,8,179,6999
2010,12,18,1700,14.4,16,92,5,11,178,6999
2010,12,18,1800,13.9,17,93,3,7,181,6999
2010,12,18,1900,13.8,17,94,4,11,182,6999
2010,12,18,2000,13.6,17,94,5,7,183,6999
2010,12,18,2100,13.5,16,94,4,10,182,6999
2010,12,18,2200,13.3,16,93,4,8,183,6999
2010,12,18,2300,13.2,16,94,5,9,183,6999
2010,12,18,2400,13.1,15,93,6,9,183,6999
2010,12,19,100,13,16,94,10,16,183,6999
2010,12,19,200,13,16,94,10,18,184,6999
2010,12,19,300,12.9,17,94,9,17,183,6999
2010,12,19,400,12.9,17,94,6,14,184,6999
2010,12,19,500,12.9,16,95,4,8,184,6999
2010,12,19,600,12.9,16,93,2,5,183,6999
2010,12,19,700,12.9,16,94,2,4,183,6999
2010,12,19,800,12.8,17,94,2,5,183,6999
2010,12,19,900,12.9,18,94,5,10,183,6999
2010,12,19,1000,13.1,20,92,4,9,183,6999
2010,12,19,1100,13.7,21,89,4,7,182,6999
2010,12,19,1200,14.3,20,91,5,9,181,6999
2010,12,19,1300,14.8,22,89,6,10,181,6999
2010,12,19,1400,14.8,22,90,6,10,181,6999
2010,12,19,1500,14.6,22,94,10,16,182,6999
2010,12,19,1600,14.3,21,96,6,11,182,6999
2010,12,19,1700,14,21,96,4,7,182,6999
2010,12,19,1800,13.8,21,96,4,7,182,6999
2010,12,19,1900,13.6,21,96,4,6,183,6999
2010,12,19,2000,13.4,21,96,4,8,184,6999
2010,12,19,2100,13.3,23,97,8,29,184,6999
2010,12,19,2200,13.2,23,97,16,34,185,6999
2010,12,19,2300,13.1,22,97,17,41,185,6999
2010,12,19,2400,13.1,22,96,13,25,185,6999
2010,12,20,100,13,21,96,14,28,185,6999
2010,12,20,200,13,20,96,13,28,185,6999
2010,12,20,300,12.9,17,95,16,35,184,6999
2010,12,20,400,12.9,15,93,21,41,185,6999
2010,12,20,700,12.8,10,90,16,34,187,6999
2010,12,20,800,12.8,10,92,8,16,188,6999
2010,12,20,900,13.1,10,92,6,11,187,6999
2010,12,20,1000,14.9,10,91,7,12,187,6999
2010,12,20,1100,14.9,13,91,6,12,186,6999
2010,12,20,1200,14.6,20,87,5,9,244,6999
2010,12,20,1300,14.7,12,90,8,16,231,6999
2010,12,20,1400,14.8,13,90,7,12,194,6999
2010,12,20,1500,14.8,13,91,7,13,190,6999
2010,12,20,1600,14.4,12,93,8,17,189,6999
2010,12,20,1700,14.1,12,93,9,19,189,6999
2010,12,20,1800,13.9,12,93,9,14,190,6999
2010,12,20,1900,13.7,12,93,9,15,190,6999
2010,12,20,2000,13.5,12,93,6,12,190,6999
2010,12,20,2100,13.4,12,93,6,10,190,6999
2010,12,20,2200,13.2,12,93,5,10,190,6999
2010,12,20,2300,13.2,13,93,7,15,189,6999
2010,12,20,2400,13.1,13,93,5,11,189,6999
2010,12,21,100,13,12,93,4,8,188,6999
2010,12,21,200,13,12,93,3,7,188,6999
2010,12,21,300,12.9,11,93,2,4,188,6999
2010,12,21,400,12.9,11,94,1,3,188,6999
2010,12,21,500,12.9,12,93,1,3,191,6999
2010,12,21,600,12.8,11,95,1,4,194,6999
2010,12,21,700,12.8,13,94,1,3,197,6999
2010,12,21,800,12.8,12,93,2,4,199,6999
2010,12,21,900,14.9,14,92,2,4,205,6999
2010,12,21,1000,14.7,18,89,3,6,250,6999
2010,12,21,1100,14.6,21,78,2,6,277,6999
2010,12,21,1200,14.4,29,80,1,3,269,6999
2010,12,21,1300,14.4,23,65,2,6,243,6999
2010,12,21,1400,14.4,27,54,2,5,240,6999
2010,12,21,1500,14.5,24,65,3,7,232,6999
2010,12,21,1600,14.5,20,69,4,7,228,6999
2010,12,21,1700,14,17,77,3,9,223,6999
2010,12,21,1800,13.8,16,84,5,8,206,6999
2010,12,21,1900,13.6,17,85,5,8,206,6999
2010,12,21,2000,13.4,18,77,5,10,204,6999
2010,12,21,2100,13.3,17,81,4,8,202,6999
2010,12,21,2200,13.2,18,80,5,7,198,6999
2010,12,21,2300,13.1,19,78,6,9,193,6999
2010,12,21,2400,13.1,18,82,3,4,191,6999
2010,12,22,100,13,18,80,3,8,189,6999
2010,12,22,200,13,18,86,3,6,187,6999
2010,12,22,300,13,18,91,3,8,185,6999
2010,12,22,400,12.9,18,95,4,9,184,6999
2010,12,22,500,12.9,18,95,2,7,184,6999
2010,12,22,600,12.9,18,95,2,5,183,6999
2010,12,22,700,12.9,19,95,4,7,183,6999
2010,12,22,800,12.9,19,95,4,8,182,6999
2010,12,22,900,13,19,95,3,8,181,6999
2010,12,22,1000,13.4,20,95,4,9,181,6999
2010,12,22,1100,14.1,20,95,3,5,180,6999
2010,12,22,1200,14.8,21,95,4,7,178,6999
2010,12,22,1300,14.8,23,94,3,6,177,6999
2010,12,22,1400,14.7,24,94,4,9,176,6999
2010,12,22,1500,14.8,22,96,3,6,176,6999
2010,12,22,1600,14.3,22,96,5,8,176,6999
2010,12,22,1700,14,22,96,5,10,177,6999
2010,12,22,1800,13.8,23,96,4,6,178,6999
2010,12,22,1900,13.6,23,97,1,4,179,6999
2010,12,22,2000,13.4,24,97,1,2,180,6999
2010,12,22,2100,13.3,25,97,1,3,181,6999
2010,12,22,2200,13.2,24,97,1,3,182,6999
2010,12,22,2300,13.1,25,97,3,4,182,6999
2010,12,22,2400,13.1,24,97,3,5,182,6999
2010,12,23,100,13.1,24,96,3,5,182,6999
2010,12,23,200,13,23,97,3,5,182,6999
2010,12,23,300,13,22,96,1,4,182,6999
2010,12,23,400,12.9,22,96,2,4,182,6999
2010,12,23,500,12.9,22,96,2,4,182,6999
2010,12,23,600,12.9,21,96,1,3,182,6999
2010,12,23,700,12.9,20,95,0,2,182,6999
2010,12,23,800,12.9,21,96,2,3,182,6999
2010,12,23,900,14.7,22,91,1,3,187,6999
2010,12,23,1000,14.5,24,88,1,3,253,6999
2010,12,23,1100,14.5,24,89,1,7,218,6999
2010,12,23,1200,14.5,26,86,4,7,191,6999
2010,12,23,1300,14.6,26,84,4,9,181,6999
2010,12,23,1400,14.7,24,87,5,9,177,6999
2010,12,23,1500,14.7,24,88,5,9,176,6999
2010,12,23,1600,14.7,24,89,5,10,176,6999
2010,12,23,1700,14.1,21,95,3,7,177,6999
2010,12,23,1800,13.9,19,95,4,8,178,6999
2010,12,23,1900,13.7,19,94,5,10,179,6999
2010,12,23,2000,13.5,19,95,5,8,180,6999
2010,12,23,2100,13.4,18,95,5,9,181,6999
2010,12,23,2200,13.3,18,94,3,6,182,6999
2010,12,23,2300,13.2,18,95,4,7,182,6999
2010,12,23,2400,13.1,18,94,5,9,183,6999
2010,12,24,100,13.1,17,94,5,9,183,6999
2010,12,24,200,13,17,94,5,8,184,6999
2010,12,24,300,13,17,94,5,7,184,6999
2010,12,24,400,13,16,94,5,11,184,6999
2010,12,24,500,12.9,16,95,3,6,184,6999
2010,12,24,600,12.9,16,94,3,5,184,6999
2010,12,24,700,12.9,17,94,2,4,184,6999
2010,12,24,800,12.9,17,94,2,5,184,6999
2010,12,24,900,13.1,18,93,2,4,184,6999
2010,12,24,1000,14.1,19,91,2,4,183,6999
2010,12,24,1100,14.8,21,89,2,5,182,6999
2010,12,24,1200,14.7,23,83,1,4,181,6999
2010,12,24,1300,14.6,23,85,2,4,180,6999
2010,12,24,1400,14.6,25,83,2,4,181,6999
2010,12,24,1500,14.7,22,86,1,3,182,6999
2010,12,24,1600,14.4,20,92,1,4,182,6999
2010,12,24,1700,14,16,93,1,2,181,6999
2010,12,24,1800,13.8,20,87,0,2,183,6999
2010,12,24,1900,13.6,19,91,1,3,188,6999
2010,12,24,2000,13.5,19,85,1,3,188,6999
2010,12,24,2100,13.4,19,85,2,4,187,6999
2010,12,24,2200,13.2,21,70,2,4,190,6999
2010,12,24,2300,13.2,21,64,2,4,188,6999
2010,12,24,2400,13.1,23,71,2,5,186,6999
2010,12,25,100,13.1,26,59,3,6,185,6999
2010,12,25,200,13,23,60,2,5,184,6999
2010,12,25,300,13,22,59,2,4,186,6999
2010,12,25,400,12.9,22,64,4,8,191,6999
2010,12,25,500,12.9,23,61,5,7,193,6999
2010,12,25,600,12.9,24,63,6,12,199,6999
2010,12,25,700,12.9,24,63,7,11,199,6999
2010,12,25,800,12.9,26,48,8,14,197,6999
2010,12,25,900,14.6,29,42,5,10,207,6999
2010,12,25,1000,14.7,30,42,6,12,211,6999
2010,12,25,1100,14.4,34,39,6,15,224,6999
2010,12,25,1200,14.5,35,38,7,13,240,6999
2010,12,25,1300,14.4,36,38,8,15,232,6999
2010,12,25,1400,14.4,32,34,9,18,203,6999
2010,12,25,1500,14.6,32,36,7,13,194,6999
2010,12,25,1600,14.4,32,34,5,12,193,6999
2010,12,25,1700,14,31,38,4,8,193,6999
2010,12,25,1800,13.8,31,43,5,13,192,6999
2010,12,25,1900,13.6,31,43,6,13,191,6999
2010,12,25,2000,13.4,31,41,6,12,191,6999
2010,12,25,2100,13.3,33,34,10,21,191,6999
2010,12,25,2200,13.2,32,35,8,15,189,6999
2010,12,25,2300,13.2,32,34,6,11,187,6999
2010,12,25,2400,13.1,32,36,7,14,186,6999
2010,12,26,100,13.1,30,38,7,14,186,6999
2010,12,26,200,13,31,35,7,10,187,6999
2010,12,26,300,13,31,36,6,10,186,6999
2010,12,26,400,13,29,40,7,15,186,6999
2010,12,26,500,13,27,46,9,13,185,6999
2010,12,26,600,12.9,24,54,11,22,185,6999
2010,12,26,700,12.9,25,55,12,22,183,6999
2010,12,26,800,12.9,25,56,17,34,183,6999
2010,12,26,900,13.4,23,73,19,34,182,6999
2010,12,26,1000,14.8,22,77,12,22,181,6999
2010,12,26,1100,14.8,23,79,9,19,179,6999
2010,12,26,1200,14.7,22,84,10,17,177,6999
2010,12,26,1300,14.8,20,91,10,18,176,6999
2010,12,26,1400,14.6,19,95,11,19,175,6999
2010,12,26,1500,14.8,20,95,11,20,175,6999
2010,12,26,1600,14.3,18,95,8,14,175,6999
2010,12,26,1700,14,18,95,8,21,176,6999
2010,12,26,1800,13.8,18,95,13,22,176,6999
2010,12,26,1900,13.6,18,94,14,27,178,6999
2010,12,26,2000,13.4,17,94,13,26,179,6999
2010,12,26,2100,13.3,16,94,10,20,179,6999
2010,12,26,2200,13.2,15,94,10,18,179,6999
2010,12,26,2300,13.1,15,93,8,13,180,6999
2010,12,26,2400,13.1,15,93,8,12,180,6999
2010,12,27,100,13,16,94,14,33,181,6999
2010,12,27,200,13,15,93,12,30,181,6999
2010,12,27,300,13,13,93,14,30,181,6999
2010,12,27,400,12.9,12,93,17,31,182,6999
2010,12,27,500,12.9,11,92,20,33,182,6999
2010,12,27,600,12.9,11,92,22,43,183,6999
2010,12,27,700,12.9,11,92,18,33,183,6999
2010,12,27,800,12.8,12,92,17,35,183,6999
2010,12,27,900,13.1,12,92,17,30,184,6999
2010,12,27,1000,13.9,13,91,17,32,183,6999
2010,12,27,1100,14.9,14,91,14,26,183,6999
2010,12,27,1200,14.8,14,90,16,29,185,6999
2010,12,27,1300,14.8,15,88,18,32,184,6999
2010,12,27,1400,14.8,15,89,15,29,184,6999
2010,12,27,1500,14.8,14,90,15,25,184,6999
2010,12,27,1600,14.9,13,92,12,22,183,6999
2010,12,27,1700,14.2,11,92,7,15,183,6999
2010,12,27,1800,14,10,92,5,11,183,6999
2010,12,27,1900,13.8,10,92,6,12,183,6999
2010,12,27,2000,13.6,10,92,8,16,184,6999
2010,12,27,2100,13.5,11,92,9,16,184,6999
2010,12,27,2200,13.3,10,92,10,17,184,6999
2010,12,27,2300,13.2,10,92,10,19,184,6999
2010,12,27,2400,13.1,10,92,12,23,184,6999
2010,12,28,100,13.1,11,92,14,28,184,6999
2010,12,28,200,13,11,92,13,25,184,6999
2010,12,28,300,13,11,92,12,21,184,6999
2010,12,28,400,12.9,11,92,12,21,184,6999
2010,12,28,500,12.9,11,92,11,18,184,6999
2010,12,28,600,12.9,11,92,11,17,183,6999
2010,12,28,700,12.9,11,92,11,18,183,6999
2010,12,28,800,12.8,11,92,14,23,183,6999
2010,12,28,900,12.9,11,92,11,20,183,6999
2010,12,28,1000,13.1,12,92,12,19,182,6999
2010,12,28,1100,13.4,13,92,11,18,183,6999
2010,12,28,1200,14.2,13,92,13,22,183,6999
2010,12,28,1300,14.7,14,92,14,25,181,6999
2010,12,28,1400,14.6,14,92,14,24,179,6999
2010,12,28,1500,14.5,14,92,12,25,178,6999
2010,12,28,1600,14.3,14,93,13,24,177,6999
2010,12,28,1700,14,14,93,13,26,178,6999
2010,12,28,1800,13.8,14,93,14,26,179,6999
2010,12,28,1900,13.6,15,93,14,25,179,6999
2010,12,28,2000,13.4,15,94,14,25,180,6999
2010,12,28,2100,13.3,16,94,16,27,181,6999
2010,12,28,2200,13.2,16,94,14,25,182,6999
2010,12,28,2300,13.1,16,94,16,30,182,6999
2010,12,28,2400,13.1,16,94,18,28,182,6999
2010,12,29,100,13,15,93,16,26,182,6999
2010,12,29,200,12.9,15,94,17,30,182,6999
2010,12,29,300,12.9,16,94,17,31,182,6999
2010,12,29,400,12.9,16,94,16,30,182,6999
2010,12,29,500,12.9,16,94,14,27,182,6999
2010,12,29,600,12.9,16,94,15,24,182,6999
2010,12,29,700,12.9,16,94,12,19,182,6999
2010,12,29,800,12.9,16,94,8,12,182,6999
2010,12,29,900,12.9,17,94,8,17,182,6999
2010,12,29,1000,12.9,18,94,6,12,183,6999
2010,12,29,1100,13.2,19,94,6,10,184,6999
2010,12,29,1200,13.7,21,93,6,9,187,6999
2010,12,29,1300,13.8,21,94,6,10,187,6999
2010,12,29,1400,14,22,94,6,11,184,6999
2010,12,29,1500,14.2,20,94,10,21,181,6999
2010,12,29,1600,14.1,18,94,13,25,178,6999
2010,12,29,1700,13.8,15,93,13,23,177,6999
2010,12,29,1800,13.6,11,92,13,21,177,6999
2010,12,29,1900,13.4,9,91,16,26,177,6999
2010,12,29,2000,13.3,7,91,13,21,177,6999
2010,12,29,2100,13.2,7,90,9,17,179,6999
2010,12,29,2200,13.1,6,89,8,14,181,6999
2010,12,29,2300,13,6,89,7,12,182,6999
2010,12,29,2400,13,5,89,6,14,184,6999
2010,12,30,100,12.9,4,88,5,10,185,6999
2010,12,30,200,12.9,3,89,6,10,186,6999
2010,12,30,300,12.8,3,88,4,10,186,6999
2010,12,30,400,12.8,2,88,5,14,186,6999
2010,12,30,500,12.8,2,88,6,13,187,6999
2010,12,30,600,12.8,2,88,4,9,186,6999
2010,12,30,700,12.8,2,87,2,6,186,6999
2010,12,30,800,12.8,-0,87,3,7,187,6999
2010,12,30,900,13.1,-0,86,3,8,188,6999
2010,12,30,1000,15.1,1,85,2,7,190,6999
2010,12,30,1100,15.2,2,85,4,8,196,6999
2010,12,30,1200,14.9,2,85,4,8,198,6999
2010,12,30,1300,14.9,5,86,3,8,190,6999
2010,12,30,1400,15,0,84,6,11,187,6999
2010,12,30,1500,15,2,82,5,13,191,6999
2010,12,30,1600,15.1,-4,83,6,11,207,6999
2010,12,30,1700,14.3,-5,83,7,14,198,6999
2010,12,30,1800,14,-6,84,8,14,192,6999
2010,12,30,1900,13.8,-5,83,9,15,191,6999
2010,12,30,2000,13.6,-6,84,8,16,190,6999
2010,12,30,2100,13.5,-7,83,9,17,188,6999
2010,12,30,2200,13.3,-7,84,11,18,186,6999
2010,12,30,2300,13.2,-7,84,10,19,186,6999
2010,12,30,2400,13.1,-7,83,10,18,185,6999
2010,12,31,100,13,-7,83,9,16,185,6999
2010,12,31,200,12.9,-7,83,8,18,185,6999
2010,12,31,300,12.9,-7,84,9,14,184,6999
2010,12,31,400,12.8,-6,84,8,15,184,6999
2010,12,31,500,12.8,-6,84,8,13,183,6999
2010,12,31,600,12.8,-7,83,7,12,183,6999
2010,12,31,700,12.7,-7,84,5,11,182,6999
2010,12,31,800,12.7,-8,82,5,11,181,6999
2010,12,31,900,15.3,-7,83,4,9,183,6999
2010,12,31,1000,15,-3,82,3,7,217,6999
2010,12,31,1100,14.8,2,84,1,6,261,6999
2010,12,31,1200,14.6,10,84,0,2,246,6999
2010,12,31,1300,14.6,6,83,0,0,225,6999
2010,12,31,1400,14.7,11,79,0,0,250,6999
2010,12,31,1500,14.7,1,79,0,0,237,6999
2010,12,31,1600,15,-1,82,0,0,219,6999
2010,12,31,1700,14.3,-6,85,0,0,196,6999
2010,12,31,1800,14,-12,80,0,0,176,6999
2010,12,31,1900,13.8,-13,80,0,0,170,6999
2010,12,31,2000,13.6,-15,79,0,0,165,6999
2010,12,31,2100,13.5,-16,79,0,0,165,6999
2010,12,31,2200,13.3,-16,78,0,0,166,6999
2010,12,31,2300,13.2,-15,79,0,0,166,6999
2010,12,31,2400,13.1,-14,79,0,0,168,6999
2011,1,1,100,13,-15,80,0,0,169,6999
2011,1,1,200,12.9,-15,81,0,0,166,6999
2011,1,1,300,12.9,-14,80,0,0,167,6999
2011,1,1,400,12.8,-14,79,0,0,167,6999
2011,1,1,500,12.8,-14,80,0,0,166,6999
2011,1,1,600,12.7,-14,80,0,0,164,6999
2011,1,1,700,12.7,-13,80,0,0,166,6999
2011,1,1,800,12.7,-12,81,0,0,169,6999
2011,1,1,900,13.2,-11,80,0,0,171,6999
2011,1,1,1000,15.3,-9,80,0,0,177,6999
2011,1,1,1100,15.2,-6,80,0,0,183,6999
2011,1,1,1200,15.2,-5,81,0,0,187,6999
2011,1,1,1300,15.1,-3,81,0,0,192,6999
2011,1,1,1400,15.1,-3,81,0,0,190,6999
2011,1,1,1500,15.2,-4,81,0,0,186,6999
2011,1,1,1600,15.2,-6,82,0,0,183,6999
2011,1,1,1700,14.4,-7,83,0,0,179,6999
2011,1,1,1800,14.2,-8,83,0,0,176,6999
2011,1,1,1900,14,-8,83,0,0,175,6999
2011,1,1,2000,13.8,-8,82,0,0,175,6999
2011,1,1,2100,13.6,-8,83,0,0,175,6999
2011,1,1,2200,13.5,-8,83,0,0,174,6999
2011,1,1,2300,13.3,-8,82,0,0,175,6999
2011,1,1,2400,13.2,-8,83,0,0,174,6999
2011,1,2,100,13.1,-7,83,0,0,175,6999
2011,1,2,200,13,-7,84,0,0,175,6999
2011,1,2,300,12.9,-6,84,0,0,177,6999
2011,1,2,400,12.8,-6,84,0,0,177,6999
2011,1,2,500,12.8,-6,84,3,18,178,6999
2011,1,2,600,12.8,-6,85,10,19,178,6999
2011,1,2,700,12.7,-5,84,9,18,178,6999
2011,1,2,800,12.7,-5,85,8,17,179,6999
2011,1,2,900,12.9,-4,85,8,15,180,6999
2011,1,2,1000,15.2,-2,85,7,13,183,6999
2011,1,2,1100,15.1,0,86,8,17,187,6999
2011,1,2,1200,15,4,86,6,10,197,6999
2011,1,2,1300,15,5,85,5,9,193,6999
2011,1,2,1400,14.9,6,89,4,7,194,6999
2011,1,2,1500,15,3,87,5,9,194,6999
2011,1,2,1600,15,4,87,4,11,189,6999
2011,1,2,1700,14.3,0,87,2,6,186,6999
2011,1,2,1800,14,-1,86,3,6,181,6999
2011,1,2,1900,13.9,-0,86,3,7,181,6999
2011,1,2,2000,13.7,-0,86,3,5,182,6999
2011,1,2,2100,13.5,0,87,3,6,183,6999
2011,1,2,2200,13.3,1,87,3,7,183,6999
2011,1,2,2300,13.2,1,87,1,4,183,6999
2011,1,2,2400,13.1,2,88,2,6,184,6999
2011,1,3,100,13,3,88,2,7,185,6999
2011,1,3,200,13,2,88,2,6,185,6999
2011,1,3,300,12.9,3,88,1,4,185,6999
2011,1,3,400,12.9,2,87,2,5,184,6999
2011,1,3,500,12.8,0,87,1,4,183,6999
2011,1,3,600,12.8,1,87,4,10,182,6999
2011,1,3,700,12.8,0,87,3,6,182,6999
2011,1,3,800,12.8,1,87,3,7,183,6999
2011,1,3,900,13.7,3,87,2,6,184,6999
2011,1,3,1000,14.9,7,87,3,5,206,6999
2011,1,3,1100,14.8,12,87,0,3,240,6999
2011,1,3,1200,14.6,18,88,0,0,268,6999
2011,1,3,1300,14.6,16,91,0,0,225,6999
2011,1,3,1400,14.6,15,92,0,5,213,6999
2011,1,3,1500,14.7,16,93,3,5,213,6999
2011,1,3,1600,14.8,14,96,0,0,195,6999
2011,1,3,1700,14.2,6,90,0,0,185,6999
2011,1,3,1800,13.9,4,89,1,6,181,6999
2011,1,3,1900,13.7,3,88,1,4,182,6999
2011,1,3,2000,13.6,1,88,0,0,183,6999
2011,1,3,2100,13.4,3,89,3,7,185,6999
2011,1,3,2200,13.3,4,88,3,7,186,6999
2011,1,3,2300,13.2,3,88,4,7,184,6999
2011,1,3,2400,13.1,4,89,6,12,184,6999
2011,1,4,100,13,2,88,5,10,183,6999
2011,1,4,200,13,2,88,6,10,182,6999
2011,1,4,300,12.9,1,88,6,12,182,6999
2011,1,4,400,12.9,1,88,6,12,180,6999
2011,1,4,500,12.9,1,87,7,12,179,6999
2011,1,4,600,12.8,1,87,6,11,178,6999
2011,1,4,700,12.8,1,88,5,10,178,6999
2011,1,4,800,12.8,1,87,7,14,178,6999
2011,1,4,900,13,1,87,7,13,178,6999
2011,1,4,1000,14.5,2,86,6,12,179,6999
2011,1,4,1100,15.1,4,85,7,11,180,6999
2011,1,4,1200,15,7,84,6,11,181,6999
2011,1,4,1300,15,7,85,7,13,187,6999
2011,1,4,1400,15.1,5,83,8,11,187,6999
2011,1,4,1500,15.1,5,86,8,13,183,6999
2011,1,4,1600,15.1,2,87,9,15,182,6999
2011,1,4,1700,14.2,2,88,8,15,179,6999
2011,1,4,1800,14,2,88,8,16,178,6999
2011,1,4,1900,13.8,1,87,10,18,178,6999
2011,1,4,2000,13.6,1,88,9,17,177,6999
2011,1,4,2100,13.4,1,87,8,14,178,6999
2011,1,4,2200,13.3,1,87,8,15,177,6999
2011,1,4,2300,13.2,0,87,8,12,177,6999
2011,1,4,2400,13.1,1,88,7,13,177,6999
2011,1,5,100,13,2,88,6,12,177,6999
2011,1,5,200,13,2,88,9,14,178,6999
2011,1,5,300,12.9,3,88,5,10,178,6999
2011,1,5,400,12.9,3,88,4,9,178,6999
2011,1,5,500,12.8,3,88,4,9,179,6999
2011,1,5,600,12.8,3,88,8,14,179,6999
2011,1,5,700,12.8,2,88,11,18,178,6999
2011,1,5,800,12.8,2,88,8,15,178,6999
2011,1,5,900,12.9,4,88,6,15,179,6999
2011,1,5,1000,15,5,87,7,13,181,6999
2011,1,5,1100,15,7,87,7,11,189,6999
2011,1,5,1200,15,7,87,8,13,188,6999
2011,1,5,1300,15,8,88,8,13,189,6999
2011,1,5,1400,15,11,87,6,12,193,6999
2011,1,5,1500,15,9,88,6,11,193,6999
2011,1,5,1600,14.6,8,89,6,12,185,6999
2011,1,5,1700,14.2,7,89,5,8,182,6999
2011,1,5,1800,13.9,8,90,4,8,180,6999
2011,1,5,1900,13.7,8,91,7,17,180,6999
2011,1,5,2000,13.5,9,91,6,13,181,6999
2011,1,5,2100,13.4,9,91,7,12,181,6999
2011,1,5,2200,13.3,9,90,5,10,181,6999
2011,1,5,2300,13.2,9,90,8,16,181,6999
2011,1,5,2400,13.1,9,91,5,11,181,6999
2011,1,6,100,13,9,90,10,14,181,6999
2011,1,6,200,13,10,91,8,14,181,6999
2011,1,6,300,12.9,9,91,10,21,182,6999
2011,1,6,400,12.9,9,91,6,12,180,6999
2011,1,6,500,12.9,9,91,7,16,180,6999
2011,1,6,600,12.9,9,91,8,14,180,6999
2011,1,6,700,12.9,9,91,6,13,180,6999
2011,1,6,800,12.8,9,91,6,11,180,6999
2011,1,6,900,13,11,91,4,8,181,6999
2011,1,6,1000,13.3,12,90,4,7,182,6999
2011,1,6,1100,14.9,15,90,3,6,184,6999
2011,1,6,1200,14.9,14,91,4,10,188,6999
2011,1,6,1300,14.9,14,89,8,16,186,6999
2011,1,6,1400,14.9,14,91,8,16,187,6999
2011,1,6,1500,14.9,14,92,7,11,187,6999
2011,1,6,1600,14.4,13,92,9,15,186,6999
2011,1,6,1700,14.1,13,92,7,14,182,6999
2011,1,6,1800,13.9,13,92,6,12,181,6999
2011,1,6,1900,13.6,13,92,4,9,181,6999
2011,1,6,2000,13.5,13,92,5,11,181,6999
2011,1,6,2100,13.3,14,92,7,14,180,6999
2011,1,6,2200,13.2,14,92,9,20,181,6999
2011,1,6,2300,13.2,14,92,7,15,181,6999
2011,1,6,2400,13.1,14,92,6,15,181,6999
2011,1,7,100,13,14,92,5,10,181,6999
2011,1,7,200,13,15,93,5,11,181,6999
2011,1,7,300,12.9,16,92,2,5,181,6999
2011,1,7,400,12.9,15,92,3,8,182,6999
2011,1,7,500,12.9,14,92,2,6,181,6999
2011,1,7,600,12.9,15,93,3,6,181,6999
2011,1,7,700,12.9,14,92,4,8,181,6999
2011,1,7,800,12.9,15,92,4,6,182,6999
2011,1,7,900,13.3,17,92,4,7,183,6999
2011,1,7,1000,14.8,20,91,3,7,189,6999
2011,1,7,1100,14.8,22,91,3,6,191,6999
2011,1,7,1200,14.7,22,93,4,7,189,6999
2011,1,7,1300,14.8,25,95,4,9,188,6999
2011,1,7,1400,14.7,24,94,3,8,189,6999
2011,1,7,1500,14.7,23,94,2,8,187,6999
2011,1,7,1600,14.5,21,93,4,7,184,6999
2011,1,7,1700,14.1,19,94,5,8,182,6999
2011,1,7,1800,13.9,18,94,5,12,181,6999
2011,1,7,1900,13.7,18,94,7,13,181,6999
2011,1,7,2000,13.5,18,94,6,11,182,6999
2011,1,7,2100,13.4,18,94,6,12,182,6999
2011,1,7,2200,13.3,18,94,6,12,183,6999
2011,1,7,2300,13.2,18,94,7,12,183,6999
2011,1,7,2400,13.1,18,94,7,20,184,6999
2011,1,8,100,13.1,19,95,9,19,184,6999
2011,1,8,200,13.1,18,94,9,19,184,6999
2011,1,8,300,13,17,94,8,17,184,6999
2011,1,8,400,13,16,94,9,20,183,6999
2011,1,9,1200,14.7,15,92,3,7,216,6999
2011,1,9,1300,14.8,15,87,5,9,185,6999
2011,1,9,1400,14.8,12,89,5,10,184,6999
2011,1,9,1500,14.9,12,86,6,9,194,6999
2011,1,9,1600,15,5,86,6,9,194,6999
2011,1,9,1700,14.3,1,87,6,10,187,6999
2011,1,9,1800,14,-1,87,6,8,182,6999
2011,1,9,1900,13.8,-3,86,5,6,181,6999
2011,1,9,2000,13.6,-4,86,3,5,180,6999
2011,1,9,2100,13.4,-5,85,4,5,179,6999
2011,1,9,2200,13.3,-3,85,4,8,179,6999
2011,1,9,2300,13.2,-4,85,3,5,179,6999
2011,1,9,2400,13.1,-3,85,4,7,178,6999
2011,1,10,100,13.1,-3,86,4,6,178,6999
2011,1,10,200,13,-3,86,3,6,178,6999
2011,1,10,300,13,-3,85,3,5,178,6999
2011,1,10,400,12.9,-3,85,2,4,177,6999
2011,1,10,500,12.9,-3,85,3,5,177,6999
2011,1,10,600,12.9,-3,85,3,6,177,6999
2011,1,10,700,12.9,-3,85,3,5,177,6999
2011,1,10,800,12.8,-4,85,4,6,176,6999
2011,1,10,900,13.2,-4,84,3,6,175,6999
2011,1,10,1000,15.2,-1,82,4,9,182,6999
2011,1,10,1100,15.1,-2,82,6,13,191,6999
2011,1,10,1200,14.9,1,80,7,12,205,6999
2011,1,10,1300,14.9,6,83,5,10,211,6999
2011,1,10,1400,14.9,11,78,4,9,209,6999
2011,1,10,1500,14.8,11,84,2,7,181,6999
2011,1,10,1600,15,-0,84,5,10,175,6999
2011,1,10,1700,14.3,-4,84,6,11,176,6999
2011,1,10,1800,14,-6,84,4,14,175,6999
2011,1,10,1900,13.8,-7,83,2,6,173,6999
2011,1,10,2000,13.6,-7,81,3,8,171,6999
2011,1,10,2100,13.5,-6,82,4,7,173,6999
2011,1,10,2200,13.3,-6,83,3,7,172,6999
2011,1,10,2300,13.2,-5,84,3,8,172,6999
2011,1,10,2400,13.1,-6,85,4,8,170,6999
2011,1,11,100,13.1,-6,84,3,6,170,6999
2011,1,11,200,13,-6,85,4,8,169,6999
2011,1,11,300,13,-6,84,4,8,169,6999
2011,1,11,400,12.9,-6,84,3,7,169,6999
2011,1,11,500,12.9,-6,84,2,5,169,6999
2011,1,11,600,12.9,-6,84,3,6,168,6999
2011,1,11,700,12.8,-6,84,3,7,168,6999
2011,1,11,800,12.8,-5,84,4,8,169,6999
2011,1,11,900,13.4,-4,83,5,9,171,6999
2011,1,11,1000,15,1,80,5,10,191,6999
2011,1,11,1100,14.9,6,80,7,11,233,6999
2011,1,11,1200,14.9,5,82,10,15,212,6999
2011,1,11,1300,15,4,83,10,17,187,6999
2011,1,11,1400,15,4,83,10,17,185,6999
2011,1,11,1500,15.1,3,84,11,17,181,6999
2011,1,11,1600,15.1,1,85,11,20,178,6999
2011,1,11,1700,14.3,-1,86,8,15,174,6999
2011,1,11,1800,14.1,-1,87,9,17,171,6999
2011,1,11,1900,13.9,-0,86,9,16,172,6999
2011,1,11,2000,13.7,0,86,8,18,173,6999
2011,1,11,2100,13.5,0,85,6,14,174,6999
2011,1,11,2200,13.4,0,86,6,12,173,6999
2011,1,11,2300,13.2,1,86,7,14,173,6999
2011,1,11,2400,13.1,2,85,9,16,175,6999
2011,1,12,100,13.1,3,85,7,13,176,6999
2011,1,12,200,13,3,86,8,14,176,6999
2011,1,12,300,13,3,89,8,16,175,6999
2011,1,12,400,12.9,3,87,9,16,175,6999
2011,12,29,1900,13.4,9,91,16,26,177,6999
2011,12,29,2000,13.3,7,91,13,21,177,6999
2011,12,29,2100,13.2,7,90,9,17,179,6999
2011,12,29,2200,13.1,6,89,8,14,181,6999
2011,12,29,2300,13,6,89,7,12,182,6999
2011,12,29,2400,13,5,89,6,14,184,6999
2011,12,30,100,12.9,4,88,5,10,185,6999
2011,12,30,200,12.9,3,89,6,10,186,6999
2011,12,30,300,12.8,3,88,4,10,186,6999
2011,12,30,400,12.8,2,88,5,14,186,6999
2011,12,30,500,12.8,2,88,6,13,187,6999
2011,12,30,600,12.8,2,88,4,9,186,6999
2011,12,30,700,12.8,2,87,2,6,186,6999
2011,12,30,800,12.8,-0,87,3,7,187,6999
2011,12,30,900,13.1,-0,86,3,8,188,6999
2011,12,30,1000,15.1,1,85,2,7,190,6999
2011,12,30,1100,15.2,2,85,4,8,196,6999
2011,12,30,1200,14.9,2,85,4,8,198,6999
2011,12,30,1300,14.9,5,86,3,8,190,6999
2011,12,30,1400,15,0,84,6,11,187,6999
2011,12,30,1500,15,2,82,5,13,191,6999
2011,12,30,1600,15.1,-4,83,6,11,207,6999
2011,12,30,1700,14.3,-5,83,7,14,198,6999
2011,12,30,1800,14,-6,84,8,14,192,6999
2011,12,30,1900,13.8,-5,83,9,15,191,6999
2011,12,30,2000,13.6,-6,84,8,16,190,6999
2011,12,30,2100,13.5,-7,83,9,17,188,6999
2011,12,30,2200,13.3,-7,84,11,18,186,6999
2011,12,30,2300,13.2,-7,84,10,19,186,6999
2011,12,30,2400,13.1,-7,83,10,18,185,6999
2011,12,31,100,13,-7,83,9,16,185,6999
2011,12,31,200,12.9,-7,83,8,18,185,6999
2011,12,31,300,12.9,-7,84,9,14,184,6999
2011,12,31,400,12.8,-6,84,8,15,184,6999
2011,12,31,500,12.8,-6,84,8,13,183,6999
2011,12,31,600,12.8,-7,83,7,12,183,6999
2011,12,31,700,12.7,-7,84,5,11,182,6999
2011,12,31,800,12.7,-8,82,5,11,181,6999
2011,12,31,900,15.3,-7,83,4,9,183,6999
2011,12,31,1000,15,-3,82,3,7,217,6999
2011,12,31,1100,14.8,2,84,1,6,261,6999
2011,12,31,1200,14.6,10,84,0,2,246,6999
2011,12,31,1300,14.6,6,83,0,0,225,6999
2011,12,31,1400,14.7,11,79,0,0,250,6999
2011,12,31,1500,14.7,1,79,0,0,237,6999
2011,12,31,1600,15,-1,82,0,0,219,6999
