2010,12,7,1400,26.8,81.1,30.4,0,0
2010,12,7,1500,21.8,89.6,30.5,0,0
2010,12,7,1600,21.1,91.9,30.4,0.1,0
2010,12,7,1700,21.3,89.9,30.4,-0,0.01
2010,12,7,1800,21.1,88.4,30.6,0.1,0.01
2010,12,7,1900,21,86.3,30.4,0,0
2010,12,7,2000,22.3,78,30.3,0,0.01
2010,12,7,2100,22.8,73.7,30.4,0,0.01
2010,12,7,2200,25.2,65,30.4,0.1,0
2010,12,7,2300,26.5,63.1,30.4,0.1,0
2010,12,8,0,28.8,56.5,30.5,0.1,0
2010,12,8,100,27.9,62,30.2,0,0
2010,12,8,200,32.2,55.8,30.5,0.2,0
2010,12,8,300,31,59.4,30.2,0.1,0
2010,12,8,400,25.9,69.7,30.1,0.1,0
2010,12,8,500,24.1,71.8,30.4,0.1,0
2010,12,8,600,25.5,63,30.3,0.1,0
2010,12,8,700,32.4,39.2,29.9,0,0
2010,12,8,800,34.6,29.9,30.1,0.1,0
2010,12,8,900,34.6,33.2,30.3,0.1,0
2010,12,8,1000,34.3,43.7,30.2,0.1,0
2010,12,8,1100,33.8,47.8,30.1,0.1,0
2010,12,8,1200,31.5,56.5,30,0.1,0
2010,12,8,1300,29.8,60,29.8,0.1,0
2010,12,8,1400,29.5,61.6,29.8,0.1,0
2010,12,8,1500,29.1,65.7,29.6,0.4,0
2010,12,8,1600,27.6,70.8,29.8,0.4,0
2010,12,8,1700,27.2,75.4,29.7,0.5,0
2010,12,8,1800,26.3,77.7,29.7,0.3,0
2010,12,8,1900,25.5,79.9,29.7,0.4,0
2010,12,8,2000,24.9,82.2,29.7,0.4,0
2010,12,8,2100,24.3,82.3,29.6,0.8,0
2010,12,8,2200,24.2,80.5,29.6,0.8,0
2010,12,8,2300,24.2,76.9,29.6,0.8,0
2010,12,9,0,23.9,75.2,29.6,0.9,0
2010,12,9,100,23.2,79.9,29.6,1,0
2010,12,9,200,22.7,78.9,29.5,1,0
2010,12,9,300,22.6,78.3,29.6,1.2,0
2010,12,9,400,22,79.8,29.5,1.2,0
2010,12,9,500,21.5,81.2,29.5,1.2,0
2010,12,9,600,21,81.9,29.5,1.2,0
2010,12,9,700,20.6,79.6,29.5,1.2,0
2010,12,9,800,20.2,79.3,29.5,1.2,0.01
2010,12,9,900,21.8,71.5,29.4,1.1,0
2010,12,9,1000,21.4,68.3,29.4,1.1,0
2010,12,9,1100,22.1,58.6,29.4,1.1,0
2010,12,9,1200,23.7,58.1,29.2,1.1,0
2010,12,9,1300,24.3,54.2,29.2,1.1,0
2010,12,9,1400,25.2,51.3,29.2,1.1,0
2010,12,9,1500,24,59.1,29.2,1.1,0
2010,12,9,1600,23,62.8,29.3,1.1,0
2010,12,9,1700,21.9,66.2,29.3,1.2,0
2010,12,9,1800,21.6,68.8,29.3,1.2,0
2010,12,9,1900,22,64.5,29.2,1.1,0
2010,12,9,2000,21.8,60.2,29.2,1.2,0
2010,12,9,2100,22,57.6,29.3,1.1,0.01
2010,12,9,2200,21.6,57.8,29.3,1.1,0
2010,12,9,2300,21.3,58.9,29.1,1.1,0.01
2010,12,10,0,22,60.5,29.1,1.1,0
2010,12,10,100,21.8,59.9,29.2,1.2,0.01
2010,12,10,200,21.1,65.1,29.1,1.1,0
2010,12,10,300,22.9,61.5,29.3,1.2,0
2010,12,10,400,23.3,69.8,29.3,1.2,0
2010,12,10,500,23.7,70.7,29.2,1.4,0
2010,12,10,600,22.3,86.5,29.1,1.1,0
2010,12,10,700,20.1,94.9,30.7,2.4,0
2010,12,10,800,16.5,93.2,31,2.6,0
2010,12,10,900,16.5,92.9,31,2.6,0
2010,12,10,1000,16.6,92,30.8,2.8,0.02
2010,12,10,1100,15.4,91.7,30.9,2.8,0.04
2010,12,10,1200,16.5,91.1,30.9,2.8,0.03
2010,12,10,1300,15.1,88.3,30.9,2.8,0.02
2010,12,10,1400,15,82.9,30.9,2.8,1.9402
2010,12,10,1500,14.9,82.2,30.8,2.8,0
2010,12,10,1600,13.8,89.3,30.7,0.1,0
2010,12,10,1700,13.6,87.5,30.8,0.1,0.01
2010,12,10,1800,13.5,86.8,30.8,0.1,0
2010,12,10,1900,13.3,85.9,30.8,0.1,0
2010,12,10,2000,13,86.4,30.6,0.1,0
2010,12,10,2100,12.8,86.3,30.7,0.1,0
2010,12,10,2200,12.9,84.9,30.6,0.1,0
2010,12,10,2300,12.9,85.1,30.7,0.1,0
2010,12,11,0,12.9,84.8,30.4,0.1,0
2010,12,11,100,12.2,88.2,30.5,0.1,0
2010,12,11,200,12.8,84.3,30.6,0.1,0
2010,12,11,300,12.4,83.1,30.5,0.1,0
2010,12,11,400,12.6,80.8,30.6,0.1,0
2010,12,11,500,12.6,79.9,30.5,0.1,0
2010,12,11,600,12.4,83.2,30.5,0.1,0
2010,12,11,700,11.9,85.6,30.4,0.1,0
2010,12,11,800,12.2,79.3,30.4,0.1,0
2010,12,11,900,13,76.7,30.3,0.1,0
2010,12,11,1000,14.3,76,30.2,0,0
2010,12,11,1100,13.6,72,30.2,0.1,0
2010,12,11,1200,15.9,71.3,30.2,0.1,0
2010,12,11,1300,14.8,70.5,30.1,0.1,0
2010,12,11,1400,16,67.6,30.1,0.1,0
2010,12,11,1500,16.2,68.1,30,0.1,0
2010,12,11,1600,15.2,66.3,30.2,0.1,0
2010,12,11,1700,14.2,74.5,30.2,0.1,0
2010,12,11,1800,14.4,70.3,30.1,0.1,0
2010,12,11,1900,14.7,69.3,30.1,0.1,0
2010,12,11,2000,12.9,87.9,30.2,0.1,0
2010,12,11,2100,13.4,89,30.3,0.2,0
2010,12,11,2200,14,89.4,30.2,0.2,0
2010,12,11,2300,13.9,91.6,29.7,0.1,0.01
2010,12,12,0,17.1,91.1,30.6,-0.1,0.02
2010,12,12,100,19.3,93.5,31.2,1.1,0.03
2010,12,12,200,20,94.6,31.3,1.4,0.03
2010,12,12,300,23.9,92.9,31.4,1.5,0.01
2010,12,12,400,26.1,92.6,31.9,2,0.03
2010,12,12,500,26.8,94.2,32.2,2,0.01
2010,12,12,600,28,94.8,32,2.2,0.01
2010,12,12,700,29.1,93.2,32.2,2.2,0
2010,12,12,800,29.8,93.2,32.1,2.2,0
2010,12,12,900,30.8,88.9,32,2.2,0
2010,12,12,1000,31.7,85,32,2.2,0
2010,12,12,1100,32.1,81.4,32,2.1,0
2010,12,12,1200,33.1,74.8,32,2,0
2010,12,12,1300,33.3,74.2,31.9,2.1,0
2010,12,12,1400,33.9,71.2,31.8,2.1,0
2010,12,12,1500,34.3,63.2,31.9,2.1,0
2010,12,12,1600,34.3,60.6,31.7,2.1,0
2010,12,12,1700,34.9,55.2,31.6,0.1,0
2010,12,12,1800,34.9,52,31.5,0.3,0
2010,12,12,1900,33.8,50.2,31.5,0.6,0
2010,12,12,2000,33.8,43.6,31.5,0.7,0
2010,12,12,2100,33.6,42.6,31.4,0.7,0
2010,12,12,2200,33.6,45.4,31.4,0.8,0
2010,12,12,2300,32.6,48.1,31.4,0.9,0
2010,12,13,0,32.8,55.4,31.4,0.9,0
2010,12,13,100,33,49.4,31.4,0.9,0
2010,12,13,200,32.4,57,31.3,1,0
2010,12,13,300,32.1,53.5,31.4,1,0
2010,12,13,400,32.1,48.1,31.3,1,0
2010,12,13,500,32.6,39.7,31.3,1.1,0
2010,12,13,600,31.8,44.7,31.2,1.1,0
2010,12,13,700,31.9,44.5,31.1,1.1,0
2010,12,13,800,31.3,49.5,31.1,1.1,0
2010,12,13,900,27.8,80.5,31.2,1,0
2010,12,13,1000,27.7,89.9,31.1,1,0.03
2010,12,13,1100,29.1,88.2,31.5,5.6,0.02
2010,12,13,1200,29.1,88.5,31.6,1.1,0.01
2010,12,13,1300,31.6,75.4,31.6,1.7,0
2010,12,13,1400,31,75.8,31.6,1.8,0
2010,12,13,1500,30.2,77.2,31.7,6.4,0
2010,12,13,1600,29.5,79.7,31.7,0.1,0
2010,12,13,1700,29.3,77.4,31.7,0.1,0
2010,12,13,1800,29.1,75.4,31.8,0.1,0
2010,12,13,1900,28.9,71.3,31.6,0.1,0
2010,12,13,2000,30.2,69,31.6,0.1,0
2010,12,13,2100,29.4,81.7,31.2,0.1,0
2010,12,13,2200,30.8,71,31.7,0.1,0
2010,12,13,2300,31.2,62.4,31.6,0.1,0
2010,12,14,0,31.9,57.3,31.7,0.1,0
2010,12,14,100,28.4,77,31.5,0.1,0
2010,12,14,200,25.5,93.6,31.8,0.5,0.03
2010,12,14,300,29.9,78.4,31.9,0.4,0.01
2010,12,14,400,29.3,77.2,31.5,2.3,0
2010,12,14,500,29.8,66,31.4,2.5,0
2010,12,14,600,30.6,61.4,31.2,2.5,0
2010,12,14,700,29.9,63.3,31.2,4.2,0
2010,12,14,800,30.5,66.3,31.2,3.8,0
2010,12,14,900,29.8,74.2,31.6,4.3,0
2010,12,14,1000,29.7,71.9,32.1,3.5,0
2010,12,14,1100,27.4,90.1,31.7,4.3,0
2010,12,14,1200,27,90.3,32.9,4.6,0.07
2010,12,14,1300,27,88.9,32.5,4.7,0
2010,12,14,1400,27.5,78.3,33.1,5.3,0.06
2010,12,14,1500,28,70.9,33,5.3,0
2010,12,14,1600,22.7,94.5,33.2,5.4,0.06
2010,12,14,1700,20.7,95.2,35,1.2,0.16
2010,12,14,1800,19.6,94.2,35.6,1.5,0.05
2010,12,14,1900,18.6,94.1,35.5,1.6,0
2010,12,14,2000,17.6,94.1,35.4,1.5,0
2010,12,14,2100,15.6,93.4,36.7,2.4,0
2010,12,14,2200,14.8,93,36.6,2.5,0.02
2010,12,14,2300,14,92.7,36.5,2.5,0.01
2010,12,15,0,13.3,92.5,36.4,2.5,0
2010,12,15,100,12,92,36.5,2.5,0
2010,12,15,200,11.5,91.7,36.3,2.4,0
2010,12,15,300,10.6,91.3,36.2,2.4,0
2010,12,15,400,9.4,90.9,36.1,2.4,0.01
2010,12,15,500,9.4,90.9,36,2.4,0
2010,12,15,600,8.8,90.7,36.1,2.4,0.01
2010,12,15,700,10,90.9,36,2.4,0.01
2010,12,15,800,9.1,90.8,36.1,2.3,0.02
2010,12,15,900,10.2,91,36,2.3,0.01
2010,12,15,1000,11.5,91.1,35.8,2.3,0
2010,12,15,1100,11.5,90.7,35.8,2.3,0
2010,12,15,1200,12.2,91.3,35.7,2.2,0
2010,12,15,1300,12.1,91.2,35.7,2.2,0
2010,12,15,1400,10.4,90.9,35.7,2.2,0.01
2010,12,15,1500,12.2,90.9,35.5,2.2,0
2010,12,15,1600,11.3,91.1,35.3,2.1,0
2010,12,15,1700,9.5,90.7,35.6,0.1,0
2010,12,15,1800,8.4,90.7,35.7,0.1,0
2010,12,15,1900,7.5,90.6,35.7,0.1,0
2010,12,15,2000,8.9,90.7,35.6,0.1,0
2010,12,15,2100,8.8,90.5,35.6,0.1,0
2010,12,15,2200,8.8,90.5,35.5,0.1,0.01
2010,12,15,2300,8.5,90.4,35.5,0.1,0.01
2010,12,16,0,7.1,90.1,35.5,0.1,0.02
2010,12,16,100,8,90.2,35.5,0.1,0
2010,12,16,200,7.8,90.1,35.4,0.1,0
2010,12,16,300,7.5,90,35.4,0.1,0.01
2010,12,16,400,6.9,90,35.3,0.1,0
2010,12,16,500,7.4,89.9,35.2,0.1,0
2010,12,16,600,6.1,89.5,35.1,0,0
2010,12,16,700,5.8,89.8,35.1,0.1,0
2010,12,16,800,3.8,88.5,35,0,0
2010,12,16,900,5.1,89.3,35,0.1,0
2010,12,16,1000,4,89.1,35,0.1,0
2010,12,16,1100,6,89.2,34.9,0,0
2010,12,16,1200,6,89.4,35,0.1,0
2010,12,16,1300,6.5,89.5,35,0.1,0
2010,12,16,1400,7.2,89.7,35,0.1,0
2010,12,16,1500,7.3,89.5,34.8,0,0
2010,12,16,1600,5.4,89.2,34.9,0.1,0
2010,12,16,1700,4,88.9,34.8,0,0.02
2010,12,16,1800,3.4,89,34.9,0,0.04
2010,12,16,1900,3.2,88.7,34.8,0.1,0.06
2010,12,16,2000,3.5,88.8,34.8,0.1,0.07
2010,12,16,2100,3.8,88.6,34.7,0.1,0.08
2010,12,16,2200,3.6,89.6,35.1,0.1,0
2010,12,16,2300,2.8,88.6,34.7,0.1,0
2010,12,17,0,3.7,88.5,34.9,0.1,0
2010,12,17,100,3.2,89.1,34.8,0.1,0
2010,12,17,200,6,88.8,34.9,0.1,0
2010,12,17,300,3.7,88.4,34.8,0.1,0
2010,12,17,400,2.1,88,34.7,0.1,0
2010,12,17,500,1.7,87.7,34.6,0.1,0
2010,12,17,600,2.4,87,34.7,0.1,0
2010,12,17,700,1.9,84.8,34.4,0.1,0.02
2010,12,17,800,2.7,79.2,34.6,0.1,0
2010,12,17,900,3.2,78.8,34.4,0.1,0
2010,12,17,1000,5.4,78.2,34.4,0,0
2010,12,17,1100,4.6,76.2,34.4,0,0
2010,12,17,1200,4.4,75,34.3,0.1,0
2010,12,17,1300,4.7,80.4,34.3,0,0
2010,12,17,1400,5.7,78.1,34.3,0.1,0
2010,12,17,1500,6.6,79.1,34.3,0,0
2010,12,17,1600,5.8,73.1,34.3,-0,0
2010,12,17,1700,7.3,76,34.3,0.1,0
2010,12,17,1800,3.2,78.7,34.3,0.1,0
2010,12,17,1900,3.1,79.1,34.3,0,0
2010,12,17,2000,3.4,81.6,34.3,0.1,0
2010,12,17,2100,2.8,81.6,34.1,0,0.02
2010,12,17,2200,2.5,82.8,34.1,0,0
2010,12,17,2300,2.4,83.5,34.1,0,0.02
2010,12,18,0,2.3,82.5,34,0.1,0
2010,12,18,100,2.1,83.7,34.1,0,0
2010,12,18,200,2.1,81.5,33.9,0,0.03
2010,12,18,300,2.2,81,34.1,0.1,0
2010,12,18,400,2.2,77.7,33.9,0.1,0
2010,12,18,500,3.5,74.8,34.1,0.1,0
2010,12,18,600,10.1,60.5,34.1,0.1,0
2010,12,18,700,7.3,65.9,34,0.1,0
2010,12,18,800,13.8,39.2,34.1,0.1,0
2010,12,18,900,15.9,73.3,34.2,0.1,0
2010,12,18,1000,17.8,73.9,34.1,0,0
2010,12,18,1100,20.3,79.8,34.3,0.1,0
2010,12,18,1200,19.4,83.7,34.2,0.1,0
2010,12,18,1300,20.6,85.7,34.2,0.1,0
2010,12,18,1400,21.1,86.9,34,-0.1,0
2010,12,18,1500,22,80.4,34.4,0.1,0
2010,12,18,1600,21.1,78.1,34.7,0.1,0
2010,12,18,1700,19.5,80.6,34.7,0.1,0
2010,12,18,1800,19.5,78.7,34.7,0.1,0
2010,12,18,1900,18.9,76.8,34.6,0.1,0.01
2010,12,18,2000,18.8,81.7,34.6,0.1,0.01
2010,12,18,2100,19,82.3,34.6,0.1,0
2010,12,18,2200,18.4,88.9,34.6,0.1,0
2010,12,18,2300,17.5,90.3,34.6,0.1,0
2010,12,19,0,17.1,91.6,35,0.5,0
2010,12,19,100,16.4,91.5,35.2,1.1,0
2010,12,19,200,16,89.3,36.3,1.6,0
2010,12,19,300,16.4,87.9,36.9,2.3,0
2010,12,19,400,14.8,85.3,36.9,2.5,0
2010,12,19,500,13.6,82.4,36.6,2.4,0
2010,12,19,600,13.1,81.7,36.7,2.5,0
2010,12,19,700,14.5,77.4,36.7,2.4,0
2010,12,19,800,15.4,69.5,36.6,2.6,0
2010,12,19,900,18.3,69.5,36.5,2.7,0
2010,12,19,1000,18,82.9,37.1,2.8,0
2010,12,19,1100,20.2,75.5,37.1,2.8,0
2010,12,19,1200,20.3,78.8,36.9,2.7,0.23
2010,12,19,1300,21.5,84.3,37,2.8,0.04
2010,12,19,1400,23.1,71.8,36.8,2.9,0.06
2010,12,19,1500,22.8,77.4,36.8,2.9,0.04
2010,12,19,1600,23,67.3,37,2.9,0.01
2010,12,19,1700,23.4,56.8,36.9,0.1,0
2010,12,19,1800,21.3,82.5,36.8,0.1,0
2010,12,19,1900,20,90.2,36.9,0.2,0
2010,12,19,2000,19.8,93.2,37.7,0.6,0
2010,12,19,2100,20.4,95,38.1,2.3,0
2010,12,19,2200,22,96,39.4,2.7,0.05
2010,12,19,2300,22.2,95.2,39.4,2.6,0.02
2010,12,20,0,21.2,95.1,39.3,3.1,0
2010,12,20,100,20.7,94.7,39.2,3.6,0
2010,12,20,200,20,94.4,39,3.6,0
2010,12,20,300,16.9,92.9,39.5,4,0
2010,12,20,400,13.6,92.3,39.6,4.3,0.09
2010,12,20,500,12.6,91.5,39.4,4.5,0.02
2010,12,20,600,12.4,91,39.6,4.4,0.01
2010,12,20,700,11.6,89.1,39.4,4.5,0.02
2010,12,20,800,11.5,85.2,39.4,4.4,0.01
2010,12,20,900,12.2,83.9,39.3,4.4,0.01
2010,12,20,1000,12.1,82.3,39.3,4.4,0
2010,12,20,1100,13.3,81.1,39.3,4.4,0
2010,12,20,1200,12.7,80.1,39.1,4.4,0.01
2010,12,20,1300,12.7,79,39.2,4.4,0
2010,12,20,1400,14.3,78.3,39.1,4.4,0
2010,12,20,1500,13,81.7,39,4.3,0.01
2010,12,20,1600,12.8,72.5,39,4.3,0.01
2010,12,20,1700,10.9,72.8,38.7,0,0.01
2010,12,20,1800,13.3,66.4,38.9,0.1,0
2010,12,20,1900,14.4,51.5,38.9,0.1,0
2010,12,20,2000,14.2,51.6,38.9,0.1,0
2010,12,20,2100,12.3,60.5,38.7,0.1,0.01
2010,12,20,2200,11.6,65.1,38.5,0,0
2010,12,20,2300,10.2,73.6,38.5,0,0.02
2010,12,21,0,8.7,77.3,38.5,0,0.01
2010,12,21,100,9.4,75.6,38.3,0.1,0
2010,12,21,200,9.8,71.9,38.6,0.1,0.01
2010,12,21,300,9.1,73.4,38.2,0,0.01
2010,12,21,400,9.3,73.3,38.3,-0,0.01
2010,12,21,500,9.6,71.9,38.1,0,0
2010,12,21,600,9.3,73,38.1,0.1,0.01
2010,12,21,700,10.4,70.5,38.1,0,0
2010,12,21,800,11.7,60.4,37.9,-0,0
2010,12,21,900,12.5,58.4,37.9,0,0
2010,12,21,1000,14.7,50.4,38,0.1,0
2010,12,21,1100,15.5,49.7,38.1,0.1,0
2010,12,21,1200,18.9,43.5,37.8,0,0
2010,12,21,1300,19.1,48.6,37.6,0,0
2010,12,21,1400,19.4,41.5,37.8,0.1,0
2010,12,21,1500,17.4,51.9,37.4,-0,0
2010,12,21,1600,16.7,59.9,37.8,0.1,0
2010,12,21,1700,16.9,55.3,37.6,0,0
2010,12,21,1800,15.1,67.5,37.5,0.1,0
2010,12,21,1900,17.9,60,37.4,0.1,0
2010,12,21,2000,17.1,67.9,37.6,0.1,0
2010,12,21,2100,18.5,69,37.5,0.1,0
2010,12,21,2200,16.5,71.5,37.5,0.1,0
2010,12,21,2300,20.5,66.3,37.4,0.1,0
2010,12,22,0,20,67.1,37.3,0,0
2010,12,22,100,19.8,69.2,37.3,0.1,0
2010,12,22,200,18.8,79.5,37.3,0.1,0
2010,12,22,300,19.8,75.5,37.2,0.1,0
2010,12,22,400,18.6,79.4,37.2,0.2,0
2010,12,22,500,18.9,80.6,37.1,0.1,0
2010,12,22,600,21.2,82.3,37.1,0.1,0
2010,12,22,700,21.1,82.6,37.1,0.1,0
2010,12,22,800,20.8,83.1,37.1,0.1,0
2010,12,22,900,22,77.6,36.9,0.1,0
2010,12,22,1000,20.2,83.5,36.9,0.1,0
2010,12,22,1100,19,86.2,37,0.1,0
2010,12,22,1200,20.3,85.1,36.9,0.1,0
2010,12,22,1300,22,79.9,36.8,0.1,0
2010,12,22,1400,23.4,72.2,36.7,0,0
2010,12,22,1500,22.1,80.6,36.7,0.1,0
2010,12,22,1600,23.1,74.3,36.6,0.1,0
2010,12,22,1700,21.8,86.9,36.7,0.1,0
2010,12,22,1800,22.2,88.7,36.7,0.1,0
2010,12,22,1900,24,84,36.7,0.1,0
2010,12,22,2000,22.9,91.7,36.7,0.2,0
2010,12,22,2100,23,92.2,36.9,0.4,0
2010,12,22,2200,23.1,92.8,37.3,0.7,0
2010,12,22,2300,23.2,93.8,38,1.6,0.04
2010,12,23,0,23.4,93.7,38.2,1.8,0.06
2010,12,23,100,22.8,90.5,38.2,1.8,0.03
2010,12,23,200,22.1,93.3,38.2,1.9,0.01
2010,12,23,300,22.4,91.4,38.1,1.8,0
2010,12,23,400,22.1,94,38.1,1.8,0
2010,12,23,500,19.7,91.2,38,1.8,0
2010,12,23,600,19.9,95.9,38,1.8,0.03
2010,12,23,700,21.2,96.4,38,1.8,0
2010,12,23,800,21.6,94.1,37.9,1.8,0
2010,12,23,900,22.1,92,37.7,1.7,0
2010,12,23,1000,23.4,86.2,37.4,1.5,0
2010,12,23,1100,21,84.9,37.4,0.1,0
2010,12,23,1200,22.5,78.4,37.2,0.1,0
2010,12,23,1300,22.3,78.9,37.4,0.1,0
2010,12,23,1400,22.3,76.5,37.4,0,0
2010,12,23,1500,22.3,79.9,37.5,0.1,0
2010,12,23,1600,20.7,83.3,37.6,0,0
2010,12,23,1700,18.8,86.1,37.5,0,0
2010,12,23,1800,19,80.2,37.6,0,0.02
2010,12,23,1900,19,80.9,37.4,0.1,0.02
2010,12,23,2000,18,84,37.5,0.1,0.01
2010,12,23,2100,19,77,37.4,0.1,0.01
2010,12,23,2200,16.9,87.9,37.4,0,0.01
2010,12,23,2300,16,78.3,37.4,-0,0.02
2010,12,24,0,15.7,83.3,37.4,0,0.01
2010,12,24,100,15.7,84.4,37.3,-0,0.01
2010,12,24,200,15.4,87.4,37.4,0,0.01
2010,12,24,300,17,82.7,37.2,0,0
2010,12,24,400,16.8,82.2,37.3,0,0
2010,12,24,400,16.8,82.2,37.3,0,NaN
2010,12,24,500,17.4,71.9,37.4,0,0
2010,12,24,500,17.4,71.9,37.4,0,NaN
2010,12,24,500,17.4,71.9,37.4,0,NaN
2010,12,24,600,17.9,66.4,37.2,0,0
2010,12,24,600,17.9,66.4,37.2,0,NaN
2010,12,24,600,17.9,66.4,37.2,0,NaN
2010,12,24,600,17.9,66.4,37.2,0,NaN
2010,12,24,700,17.6,58.9,37.2,0,0
2010,12,24,700,17.6,58.9,37.2,0,NaN
2010,12,24,700,17.6,58.9,37.2,0,NaN
2010,12,24,700,17.6,58.9,37.2,0,NaN
2010,12,24,700,17.6,58.9,37.2,0,NaN
2010,12,24,800,19,62.1,37.2,0.1,0
2010,12,24,800,19,62.1,37.2,0.1,NaN
2010,12,24,800,19,62.1,37.2,0.1,NaN
2010,12,24,800,19,62.1,37.2,0.1,NaN
2010,12,24,800,19,62.1,37.2,0.1,NaN
2010,12,24,800,19,62.1,37.2,0.1,NaN
2010,12,24,900,19.2,61.1,37.1,0,0
2010,12,24,900,19.2,61.1,37.1,0,NaN
2010,12,24,900,19.2,61.1,37.1,0,NaN
2010,12,24,900,19.2,61.1,37.1,0,NaN
2010,12,24,900,19.2,61.1,37.1,0,NaN
2010,12,24,900,19.2,61.1,37.1,0,NaN
2010,12,24,900,19.2,61.1,37.1,0,NaN
2010,12,24,1000,20.2,59.5,37,-0.1,0
2010,12,24,1000,20.2,59.5,37,-0.1,NaN
2010,12,24,1000,20.2,59.5,37,-0.1,NaN
2010,12,24,1000,20.2,59.5,37,-0.1,NaN
2010,12,24,1000,20.2,59.5,37,-0.1,NaN
2010,12,24,1000,20.2,59.5,37,-0.1,NaN
2010,12,24,1000,20.2,59.5,37,-0.1,NaN
2010,12,24,1000,20.2,59.5,37,-0.1,NaN
2010,12,24,1100,21.5,56.9,37,-0,0
2010,12,24,1100,21.5,56.9,37,-0,NaN
2010,12,24,1100,21.5,56.9,37,-0,NaN
2010,12,24,1100,21.5,56.9,37,-0,NaN
2010,12,24,1100,21.5,56.9,37,-0,NaN
2010,12,24,1100,21.5,56.9,37,-0,NaN
2010,12,24,1100,21.5,56.9,37,-0,NaN
2010,12,24,1100,21.5,56.9,37,-0,NaN
2010,12,24,1100,21.5,56.9,37,-0,NaN
2010,12,24,1200,22.7,56.8,36.9,-0,0
2010,12,24,1200,22.7,56.8,36.9,-0,NaN
2010,12,24,1200,22.7,56.8,36.9,-0,NaN
2010,12,24,1200,22.7,56.8,36.9,-0,NaN
2010,12,24,1200,22.7,56.8,36.9,-0,NaN
2010,12,24,1200,22.7,56.8,36.9,-0,NaN
2010,12,24,1200,22.7,56.8,36.9,-0,NaN
2010,12,24,1200,22.7,56.8,36.9,-0,NaN
2010,12,24,1200,22.7,56.8,36.9,-0,NaN
2010,12,24,1200,22.7,56.8,36.9,-0,NaN
2010,12,24,1300,23.6,55.8,37,-0,0
2010,12,24,1300,23.6,55.8,37,-0,NaN
2010,12,24,1300,23.6,55.8,37,-0,NaN
2010,12,24,1300,23.6,55.8,37,-0,NaN
2010,12,24,1300,23.6,55.8,37,-0,NaN
2010,12,24,1300,23.6,55.8,37,-0,NaN
2010,12,24,1300,23.6,55.8,37,-0,NaN
2010,12,24,1300,23.6,55.8,37,-0,NaN
2010,12,24,1300,23.6,55.8,37,-0,NaN
2010,12,24,1300,23.6,55.8,37,-0,NaN
2010,12,24,1300,23.6,55.8,37,-0,NaN
2010,12,24,1400,24.5,51.6,36.9,0,0
2010,12,24,1400,24.5,51.6,36.9,0,NaN
2010,12,24,1400,24.5,51.6,36.9,0,NaN
2010,12,24,1400,24.5,51.6,36.9,0,NaN
2010,12,24,1400,24.5,51.6,36.9,0,NaN
2010,12,24,1400,24.5,51.6,36.9,0,NaN
2010,12,24,1400,24.5,51.6,36.9,0,NaN
2010,12,24,1400,24.5,51.6,36.9,0,NaN
2010,12,24,1400,24.5,51.6,36.9,0,NaN
2010,12,24,1400,24.5,51.6,36.9,0,NaN
2010,12,24,1400,24.5,51.6,36.9,0,NaN
2010,12,24,1400,24.5,51.6,36.9,0,NaN
2010,12,24,1500,26.1,47.7,36.9,-0,0
2010,12,24,1500,26.1,47.7,36.9,-0,NaN
2010,12,24,1500,26.1,47.7,36.9,-0,NaN
2010,12,24,1500,26.1,47.7,36.9,-0,NaN
2010,12,24,1500,26.1,47.7,36.9,-0,NaN
2010,12,24,1500,26.1,47.7,36.9,-0,NaN
2010,12,24,1500,26.1,47.7,36.9,-0,NaN
2010,12,24,1500,26.1,47.7,36.9,-0,NaN
2010,12,24,1500,26.1,47.7,36.9,-0,NaN
2010,12,24,1500,26.1,47.7,36.9,-0,NaN
2010,12,24,1500,26.1,47.7,36.9,-0,NaN
2010,12,24,1500,26.1,47.7,36.9,-0,NaN
2010,12,24,1500,26.1,47.7,36.9,-0,NaN
2010,12,24,1600,26.2,49.7,36.7,-0,0
2010,12,24,1600,26.2,49.7,36.7,-0,NaN
2010,12,24,1600,26.2,49.7,36.7,-0,NaN
2010,12,24,1600,26.2,49.7,36.7,-0,NaN
2010,12,24,1600,26.2,49.7,36.7,-0,NaN
2010,12,24,1600,26.2,49.7,36.7,-0,NaN
2010,12,24,1600,26.2,49.7,36.7,-0,NaN
2010,12,24,1600,26.2,49.7,36.7,-0,NaN
2010,12,24,1600,26.2,49.7,36.7,-0,NaN
2010,12,24,1600,26.2,49.7,36.7,-0,NaN
2010,12,24,1600,26.2,49.7,36.7,-0,NaN
2010,12,24,1600,26.2,49.7,36.7,-0,NaN
2010,12,24,1600,26.2,49.7,36.7,-0,NaN
2010,12,24,1600,26.2,49.7,36.7,-0,NaN
2010,12,24,1700,25.5,51.5,36.7,0,0
2010,12,24,1700,25.5,51.5,36.7,0,NaN
2010,12,24,1700,25.5,51.5,36.7,0,NaN
2010,12,24,1700,25.5,51.5,36.7,0,NaN
2010,12,24,1700,25.5,51.5,36.7,0,NaN
2010,12,24,1700,25.5,51.5,36.7,0,NaN
2010,12,24,1700,25.5,51.5,36.7,0,NaN
2010,12,24,1700,25.5,51.5,36.7,0,NaN
2010,12,24,1700,25.5,51.5,36.7,0,NaN
2010,12,24,1700,25.5,51.5,36.7,0,NaN
2010,12,24,1700,25.5,51.5,36.7,0,NaN
2010,12,24,1700,25.5,51.5,36.7,0,NaN
2010,12,24,1700,25.5,51.5,36.7,0,NaN
2010,12,24,1700,25.5,51.5,36.7,0,NaN
2010,12,24,1700,25.5,51.5,36.7,0,NaN
2010,12,24,1800,26.1,48.8,36.8,0,0
2010,12,24,1800,26.1,48.8,36.8,0,NaN
2010,12,24,1800,26.1,48.8,36.8,0,NaN
2010,12,24,1800,26.1,48.8,36.8,0,NaN
2010,12,24,1800,26.1,48.8,36.8,0,NaN
2010,12,24,1800,26.1,48.8,36.8,0,NaN
2010,12,24,1800,26.1,48.8,36.8,0,NaN
2010,12,24,1800,26.1,48.8,36.8,0,NaN
2010,12,24,1800,26.1,48.8,36.8,0,NaN
2010,12,24,1800,26.1,48.8,36.8,0,NaN
2010,12,24,1800,26.1,48.8,36.8,0,NaN
2010,12,24,1800,26.1,48.8,36.8,0,NaN
2010,12,24,1800,26.1,48.8,36.8,0,NaN
2010,12,24,1800,26.1,48.8,36.8,0,NaN
2010,12,24,1800,26.1,48.8,36.8,0,NaN
2010,12,24,1800,26.1,48.8,36.8,0,NaN
2010,12,24,1900,26.2,49.3,36.7,0,0
2010,12,24,1900,26.2,49.3,36.7,0,NaN
2010,12,24,1900,26.2,49.3,36.7,0,NaN
2010,12,24,1900,26.2,49.3,36.7,0,NaN
2010,12,24,1900,26.2,49.3,36.7,0,NaN
2010,12,24,1900,26.2,49.3,36.7,0,NaN
2010,12,24,1900,26.2,49.3,36.7,0,NaN
2010,12,24,1900,26.2,49.3,36.7,0,NaN
2010,12,24,1900,26.2,49.3,36.7,0,NaN
2010,12,24,1900,26.2,49.3,36.7,0,NaN
2010,12,24,1900,26.2,49.3,36.7,0,NaN
2010,12,24,1900,26.2,49.3,36.7,0,NaN
2010,12,24,1900,26.2,49.3,36.7,0,NaN
2010,12,24,1900,26.2,49.3,36.7,0,NaN
2010,12,24,1900,26.2,49.3,36.7,0,NaN
2010,12,24,1900,26.2,49.3,36.7,0,NaN
2010,12,24,1900,26.2,49.3,36.7,0,NaN
2010,12,24,2000,27.9,45,36.4,-0,0
2010,12,24,2000,27.9,45,36.4,-0,NaN
2010,12,24,2000,27.9,45,36.4,-0,NaN
2010,12,24,2000,27.9,45,36.4,-0,NaN
2010,12,24,2000,27.9,45,36.4,-0,NaN
2010,12,24,2000,27.9,45,36.4,-0,NaN
2010,12,24,2000,27.9,45,36.4,-0,NaN
2010,12,24,2000,27.9,45,36.4,-0,NaN
2010,12,24,2000,27.9,45,36.4,-0,NaN
2010,12,24,2000,27.9,45,36.4,-0,NaN
2010,12,24,2000,27.9,45,36.4,-0,NaN
2010,12,24,2000,27.9,45,36.4,-0,NaN
2010,12,24,2000,27.9,45,36.4,-0,NaN
2010,12,24,2000,27.9,45,36.4,-0,NaN
2010,12,24,2000,27.9,45,36.4,-0,NaN
2010,12,24,2000,27.9,45,36.4,-0,NaN
2010,12,24,2000,27.9,45,36.4,-0,NaN
2010,12,24,2000,27.9,45,36.4,-0,NaN
2010,12,24,2100,29.7,38.3,36.8,0.1,0
2010,12,24,2100,29.7,38.3,36.8,0.1,NaN
2010,12,24,2100,29.7,38.3,36.8,0.1,NaN
2010,12,24,2100,29.7,38.3,36.8,0.1,NaN
2010,12,24,2100,29.7,38.3,36.8,0.1,NaN
2010,12,24,2100,29.7,38.3,36.8,0.1,NaN
2010,12,24,2100,29.7,38.3,36.8,0.1,NaN
2010,12,24,2100,29.7,38.3,36.8,0.1,NaN
2010,12,24,2100,29.7,38.3,36.8,0.1,NaN
2010,12,24,2100,29.7,38.3,36.8,0.1,NaN
2010,12,24,2100,29.7,38.3,36.8,0.1,NaN
2010,12,24,2100,29.7,38.3,36.8,0.1,NaN
2010,12,24,2100,29.7,38.3,36.8,0.1,NaN
2010,12,24,2100,29.7,38.3,36.8,0.1,NaN
2010,12,24,2100,29.7,38.3,36.8,0.1,NaN
2010,12,24,2100,29.7,38.3,36.8,0.1,NaN
2010,12,24,2100,29.7,38.3,36.8,0.1,NaN
2010,12,24,2100,29.7,38.3,36.8,0.1,NaN
2010,12,24,2200,33.8,30.6,36.8,0.1,0
2010,12,24,2200,33.8,30.6,36.8,0.1,NaN
2010,12,24,2200,33.8,30.6,36.8,0.1,NaN
2010,12,24,2200,33.8,30.6,36.8,0.1,NaN
2010,12,24,2200,33.8,30.6,36.8,0.1,NaN
2010,12,24,2200,33.8,30.6,36.8,0.1,NaN
2010,12,24,2200,33.8,30.6,36.8,0.1,NaN
2010,12,24,2200,33.8,30.6,36.8,0.1,NaN
2010,12,24,2200,33.8,30.6,36.8,0.1,NaN
2010,12,24,2200,33.8,30.6,36.8,0.1,NaN
2010,12,24,2200,33.8,30.6,36.8,0.1,NaN
2010,12,24,2200,33.8,30.6,36.8,0.1,NaN
2010,12,24,2200,33.8,30.6,36.8,0.1,NaN
2010,12,24,2200,33.8,30.6,36.8,0.1,NaN
2010,12,24,2200,33.8,30.6,36.8,0.1,NaN
2010,12,24,2200,33.8,30.6,36.8,0.1,NaN
2010,12,24,2200,33.8,30.6,36.8,0.1,NaN
2010,12,24,2200,33.8,30.6,36.8,0.1,NaN
2010,12,24,2300,33.7,31.2,37,0.1,0
2010,12,24,2300,33.7,31.2,37,0.1,NaN
2010,12,24,2300,33.7,31.2,37,0.1,NaN
2010,12,24,2300,33.7,31.2,37,0.1,NaN
2010,12,24,2300,33.7,31.2,37,0.1,NaN
2010,12,24,2300,33.7,31.2,37,0.1,NaN
2010,12,24,2300,33.7,31.2,37,0.1,NaN
2010,12,24,2300,33.7,31.2,37,0.1,NaN
2010,12,24,2300,33.7,31.2,37,0.1,NaN
2010,12,24,2300,33.7,31.2,37,0.1,NaN
2010,12,24,2300,33.7,31.2,37,0.1,NaN
2010,12,24,2300,33.7,31.2,37,0.1,NaN
2010,12,24,2300,33.7,31.2,37,0.1,NaN
2010,12,24,2300,33.7,31.2,37,0.1,NaN
2010,12,24,2300,33.7,31.2,37,0.1,NaN
2010,12,24,2300,33.7,31.2,37,0.1,NaN
2010,12,24,2300,33.7,31.2,37,0.1,NaN
2010,12,24,2300,33.7,31.2,37,0.1,NaN
2010,12,25,0,34.3,32.5,37,0.1,0
2010,12,25,0,34.3,32.5,37,0.1,NaN
2010,12,25,0,34.3,32.5,37,0.1,NaN
2010,12,25,0,34.3,32.5,37,0.1,NaN
2010,12,25,0,34.3,32.5,37,0.1,NaN
2010,12,25,0,34.3,32.5,37,0.1,NaN
2010,12,25,0,34.3,32.5,37,0.1,NaN
2010,12,25,0,34.3,32.5,37,0.1,NaN
2010,12,25,0,34.3,32.5,37,0.1,NaN
2010,12,25,0,34.3,32.5,37,0.1,NaN
2010,12,25,0,34.3,32.5,37,0.1,NaN
2010,12,25,0,34.3,32.5,37,0.1,NaN
2010,12,25,0,34.3,32.5,37,0.1,NaN
2010,12,25,0,34.3,32.5,37,0.1,NaN
2010,12,25,0,34.3,32.5,37,0.1,NaN
2010,12,25,0,34.3,32.5,37,0.1,NaN
2010,12,25,0,34.3,32.5,37,0.1,NaN
2010,12,25,0,34.3,32.5,37,0.1,NaN
2010,12,25,100,34.3,30.9,36.9,0.1,0
2010,12,25,100,34.3,30.9,36.9,0.1,NaN
2010,12,25,100,34.3,30.9,36.9,0.1,NaN
2010,12,25,100,34.3,30.9,36.9,0.1,NaN
2010,12,25,100,34.3,30.9,36.9,0.1,NaN
2010,12,25,100,34.3,30.9,36.9,0.1,NaN
2010,12,25,100,34.3,30.9,36.9,0.1,NaN
2010,12,25,100,34.3,30.9,36.9,0.1,NaN
2010,12,25,100,34.3,30.9,36.9,0.1,NaN
2010,12,25,100,34.3,30.9,36.9,0.1,NaN
2010,12,25,100,34.3,30.9,36.9,0.1,NaN
2010,12,25,100,34.3,30.9,36.9,0.1,NaN
2010,12,25,100,34.3,30.9,36.9,0.1,NaN
2010,12,25,100,34.3,30.9,36.9,0.1,NaN
2010,12,25,100,34.3,30.9,36.9,0.1,NaN
2010,12,25,100,34.3,30.9,36.9,0.1,NaN
2010,12,25,100,34.3,30.9,36.9,0.1,NaN
2010,12,25,100,34.3,30.9,36.9,0.1,NaN
2010,12,25,200,34.4,32.4,36.7,0.1,0
2010,12,25,200,34.4,32.4,36.7,0.1,NaN
2010,12,25,200,34.4,32.4,36.7,0.1,NaN
2010,12,25,200,34.4,32.4,36.7,0.1,NaN
2010,12,25,200,34.4,32.4,36.7,0.1,NaN
2010,12,25,200,34.4,32.4,36.7,0.1,NaN
2010,12,25,200,34.4,32.4,36.7,0.1,NaN
2010,12,25,200,34.4,32.4,36.7,0.1,NaN
2010,12,25,200,34.4,32.4,36.7,0.1,NaN
2010,12,25,200,34.4,32.4,36.7,0.1,NaN
2010,12,25,200,34.4,32.4,36.7,0.1,NaN
2010,12,25,200,34.4,32.4,36.7,0.1,NaN
2010,12,25,200,34.4,32.4,36.7,0.1,NaN
2010,12,25,200,34.4,32.4,36.7,0.1,NaN
2010,12,25,200,34.4,32.4,36.7,0.1,NaN
2010,12,25,200,34.4,32.4,36.7,0.1,NaN
2010,12,25,200,34.4,32.4,36.7,0.1,NaN
2010,12,25,200,34.4,32.4,36.7,0.1,NaN
2010,12,25,300,34.9,28.2,36.4,1,0
2010,12,25,300,34.9,28.2,36.4,1,NaN
2010,12,25,300,34.9,28.2,36.4,1,NaN
2010,12,25,300,34.9,28.2,36.4,1,NaN
2010,12,25,300,34.9,28.2,36.4,1,NaN
2010,12,25,300,34.9,28.2,36.4,1,NaN
2010,12,25,300,34.9,28.2,36.4,1,NaN
2010,12,25,300,34.9,28.2,36.4,1,NaN
2010,12,25,300,34.9,28.2,36.4,1,NaN
2010,12,25,300,34.9,28.2,36.4,1,NaN
2010,12,25,300,34.9,28.2,36.4,1,NaN
2010,12,25,300,34.9,28.2,36.4,1,NaN
2010,12,25,300,34.9,28.2,36.4,1,NaN
2010,12,25,300,34.9,28.2,36.4,1,NaN
2010,12,25,300,34.9,28.2,36.4,1,NaN
2010,12,25,300,34.9,28.2,36.4,1,NaN
2010,12,25,300,34.9,28.2,36.4,1,NaN
2010,12,25,300,34.9,28.2,36.4,1,NaN
2010,12,25,400,35.1,27,36.3,1.1,0
2010,12,25,400,35.1,27,36.3,1.1,NaN
2010,12,25,400,35.1,27,36.3,1.1,NaN
2010,12,25,400,35.1,27,36.3,1.1,NaN
2010,12,25,400,35.1,27,36.3,1.1,NaN
2010,12,25,400,35.1,27,36.3,1.1,NaN
2010,12,25,400,35.1,27,36.3,1.1,NaN
2010,12,25,400,35.1,27,36.3,1.1,NaN
2010,12,25,400,35.1,27,36.3,1.1,NaN
2010,12,25,400,35.1,27,36.3,1.1,NaN
2010,12,25,400,35.1,27,36.3,1.1,NaN
2010,12,25,400,35.1,27,36.3,1.1,NaN
2010,12,25,400,35.1,27,36.3,1.1,NaN
2010,12,25,400,35.1,27,36.3,1.1,NaN
2010,12,25,400,35.1,27,36.3,1.1,NaN
2010,12,25,400,35.1,27,36.3,1.1,NaN
2010,12,25,400,35.1,27,36.3,1.1,NaN
2010,12,25,400,35.1,27,36.3,1.1,NaN
2010,12,25,500,35.7,22.9,36.5,1,0
2010,12,25,500,35.7,22.9,36.5,1,NaN
2010,12,25,500,35.7,22.9,36.5,1,NaN
2010,12,25,500,35.7,22.9,36.5,1,NaN
2010,12,25,500,35.7,22.9,36.5,1,NaN
2010,12,25,500,35.7,22.9,36.5,1,NaN
2010,12,25,500,35.7,22.9,36.5,1,NaN
2010,12,25,500,35.7,22.9,36.5,1,NaN
2010,12,25,500,35.7,22.9,36.5,1,NaN
2010,12,25,500,35.7,22.9,36.5,1,NaN
2010,12,25,500,35.7,22.9,36.5,1,NaN
2010,12,25,500,35.7,22.9,36.5,1,NaN
2010,12,25,500,35.7,22.9,36.5,1,NaN
2010,12,25,500,35.7,22.9,36.5,1,NaN
2010,12,25,500,35.7,22.9,36.5,1,NaN
2010,12,25,500,35.7,22.9,36.5,1,NaN
2010,12,25,500,35.7,22.9,36.5,1,NaN
2010,12,25,500,35.7,22.9,36.5,1,NaN
2010,12,25,600,36.2,23.4,36.1,0.9,0
2010,12,25,600,36.2,23.4,36.1,0.9,NaN
2010,12,25,600,36.2,23.4,36.1,0.9,NaN
2010,12,25,600,36.2,23.4,36.1,0.9,NaN
2010,12,25,600,36.2,23.4,36.1,0.9,NaN
2010,12,25,600,36.2,23.4,36.1,0.9,NaN
2010,12,25,600,36.2,23.4,36.1,0.9,NaN
2010,12,25,600,36.2,23.4,36.1,0.9,NaN
2010,12,25,600,36.2,23.4,36.1,0.9,NaN
2010,12,25,600,36.2,23.4,36.1,0.9,NaN
2010,12,25,600,36.2,23.4,36.1,0.9,NaN
2010,12,25,600,36.2,23.4,36.1,0.9,NaN
2010,12,25,600,36.2,23.4,36.1,0.9,NaN
2010,12,25,600,36.2,23.4,36.1,0.9,NaN
2010,12,25,600,36.2,23.4,36.1,0.9,NaN
2010,12,25,600,36.2,23.4,36.1,0.9,NaN
2010,12,25,600,36.2,23.4,36.1,0.9,NaN
2010,12,25,600,36.2,23.4,36.1,0.9,NaN
2010,12,25,700,36.3,22.5,36,1,0
2010,12,25,700,36.3,22.5,36,1,NaN
2010,12,25,700,36.3,22.5,36,1,NaN
2010,12,25,700,36.3,22.5,36,1,NaN
2010,12,25,700,36.3,22.5,36,1,NaN
2010,12,25,700,36.3,22.5,36,1,NaN
2010,12,25,700,36.3,22.5,36,1,NaN
2010,12,25,700,36.3,22.5,36,1,NaN
2010,12,25,700,36.3,22.5,36,1,NaN
2010,12,25,700,36.3,22.5,36,1,NaN
2010,12,25,700,36.3,22.5,36,1,NaN
2010,12,25,700,36.3,22.5,36,1,NaN
2010,12,25,700,36.3,22.5,36,1,NaN
2010,12,25,700,36.3,22.5,36,1,NaN
2010,12,25,700,36.3,22.5,36,1,NaN
2010,12,25,700,36.3,22.5,36,1,NaN
2010,12,25,700,36.3,22.5,36,1,NaN
2010,12,25,700,36.3,22.5,36,1,NaN
2010,12,25,800,36.5,21.1,36,1.4,0
2010,12,25,800,36.5,21.1,36,1.4,NaN
2010,12,25,800,36.5,21.1,36,1.4,NaN
2010,12,25,800,36.5,21.1,36,1.4,NaN
2010,12,25,800,36.5,21.1,36,1.4,NaN
2010,12,25,800,36.5,21.1,36,1.4,NaN
2010,12,25,800,36.5,21.1,36,1.4,NaN
2010,12,25,800,36.5,21.1,36,1.4,NaN
2010,12,25,800,36.5,21.1,36,1.4,NaN
2010,12,25,800,36.5,21.1,36,1.4,NaN
2010,12,25,800,36.5,21.1,36,1.4,NaN
2010,12,25,800,36.5,21.1,36,1.4,NaN
2010,12,25,800,36.5,21.1,36,1.4,NaN
2010,12,25,800,36.5,21.1,36,1.4,NaN
2010,12,25,800,36.5,21.1,36,1.4,NaN
2010,12,25,800,36.5,21.1,36,1.4,NaN
2010,12,25,800,36.5,21.1,36,1.4,NaN
2010,12,25,800,36.5,21.1,36,1.4,NaN
2010,12,25,900,37.5,19.7,36.5,1.3,0
2010,12,25,900,37.5,19.7,36.5,1.3,NaN
2010,12,25,900,37.5,19.7,36.5,1.3,NaN
2010,12,25,900,37.5,19.7,36.5,1.3,NaN
2010,12,25,900,37.5,19.7,36.5,1.3,NaN
2010,12,25,900,37.5,19.7,36.5,1.3,NaN
2010,12,25,900,37.5,19.7,36.5,1.3,NaN
2010,12,25,900,37.5,19.7,36.5,1.3,NaN
2010,12,25,900,37.5,19.7,36.5,1.3,NaN
2010,12,25,900,37.5,19.7,36.5,1.3,NaN
2010,12,25,900,37.5,19.7,36.5,1.3,NaN
2010,12,25,900,37.5,19.7,36.5,1.3,NaN
2010,12,25,900,37.5,19.7,36.5,1.3,NaN
2010,12,25,900,37.5,19.7,36.5,1.3,NaN
2010,12,25,900,37.5,19.7,36.5,1.3,NaN
2010,12,25,900,37.5,19.7,36.5,1.3,NaN
2010,12,25,900,37.5,19.7,36.5,1.3,NaN
2010,12,25,900,37.5,19.7,36.5,1.3,NaN
2010,12,25,1000,38,22.6,36,1.2,0
2010,12,25,1000,38,22.6,36,1.2,NaN
2010,12,25,1000,38,22.6,36,1.2,NaN
2010,12,25,1000,38,22.6,36,1.2,NaN
2010,12,25,1000,38,22.6,36,1.2,NaN
2010,12,25,1000,38,22.6,36,1.2,NaN
2010,12,25,1000,38,22.6,36,1.2,NaN
2010,12,25,1000,38,22.6,36,1.2,NaN
2010,12,25,1000,38,22.6,36,1.2,NaN
2010,12,25,1000,38,22.6,36,1.2,NaN
2010,12,25,1000,38,22.6,36,1.2,NaN
2010,12,25,1000,38,22.6,36,1.2,NaN
2010,12,25,1000,38,22.6,36,1.2,NaN
2010,12,25,1000,38,22.6,36,1.2,NaN
2010,12,25,1000,38,22.6,36,1.2,NaN
2010,12,25,1000,38,22.6,36,1.2,NaN
2010,12,25,1000,38,22.6,36,1.2,NaN
2010,12,25,1000,38,22.6,36,1.2,NaN
2010,12,25,1100,38.8,21.7,35.7,2,0
2010,12,25,1100,38.8,21.7,35.7,2,NaN
2010,12,25,1100,38.8,21.7,35.7,2,NaN
2010,12,25,1100,38.8,21.7,35.7,2,NaN
2010,12,25,1100,38.8,21.7,35.7,2,NaN
2010,12,25,1100,38.8,21.7,35.7,2,NaN
2010,12,25,1100,38.8,21.7,35.7,2,NaN
2010,12,25,1100,38.8,21.7,35.7,2,NaN
2010,12,25,1100,38.8,21.7,35.7,2,NaN
2010,12,25,1100,38.8,21.7,35.7,2,NaN
2010,12,25,1100,38.8,21.7,35.7,2,NaN
2010,12,25,1100,38.8,21.7,35.7,2,NaN
2010,12,25,1100,38.8,21.7,35.7,2,NaN
2010,12,25,1100,38.8,21.7,35.7,2,NaN
2010,12,25,1100,38.8,21.7,35.7,2,NaN
2010,12,25,1100,38.8,21.7,35.7,2,NaN
2010,12,25,1100,38.8,21.7,35.7,2,NaN
2010,12,25,1100,38.8,21.7,35.7,2,NaN
2010,12,25,1200,38.9,19.7,35.9,2.9,0
2010,12,25,1200,38.9,19.7,35.9,2.9,NaN
2010,12,25,1200,38.9,19.7,35.9,2.9,NaN
2010,12,25,1200,38.9,19.7,35.9,2.9,NaN
2010,12,25,1200,38.9,19.7,35.9,2.9,NaN
2010,12,25,1200,38.9,19.7,35.9,2.9,NaN
2010,12,25,1200,38.9,19.7,35.9,2.9,NaN
2010,12,25,1200,38.9,19.7,35.9,2.9,NaN
2010,12,25,1200,38.9,19.7,35.9,2.9,NaN
2010,12,25,1200,38.9,19.7,35.9,2.9,NaN
2010,12,25,1200,38.9,19.7,35.9,2.9,NaN
2010,12,25,1200,38.9,19.7,35.9,2.9,NaN
2010,12,25,1200,38.9,19.7,35.9,2.9,NaN
2010,12,25,1200,38.9,19.7,35.9,2.9,NaN
2010,12,25,1200,38.9,19.7,35.9,2.9,NaN
2010,12,25,1200,38.9,19.7,35.9,2.9,NaN
2010,12,25,1200,38.9,19.7,35.9,2.9,NaN
2010,12,25,1200,38.9,19.7,35.9,2.9,NaN
2010,12,25,1300,39.8,17.7,36,3,0
2010,12,25,1300,39.8,17.7,36,3,NaN
2010,12,25,1300,39.8,17.7,36,3,NaN
2010,12,25,1300,39.8,17.7,36,3,NaN
2010,12,25,1300,39.8,17.7,36,3,NaN
2010,12,25,1300,39.8,17.7,36,3,NaN
2010,12,25,1300,39.8,17.7,36,3,NaN
2010,12,25,1300,39.8,17.7,36,3,NaN
2010,12,25,1300,39.8,17.7,36,3,NaN
2010,12,25,1300,39.8,17.7,36,3,NaN
2010,12,25,1300,39.8,17.7,36,3,NaN
2010,12,25,1300,39.8,17.7,36,3,NaN
2010,12,25,1300,39.8,17.7,36,3,NaN
2010,12,25,1300,39.8,17.7,36,3,NaN
2010,12,25,1300,39.8,17.7,36,3,NaN
2010,12,25,1300,39.8,17.7,36,3,NaN
2010,12,25,1300,39.8,17.7,36,3,NaN
2010,12,25,1300,39.8,17.7,36,3,NaN
2010,12,25,1400,40.1,18.3,35.9,3.1,0
2010,12,25,1400,40.1,18.3,35.9,3.1,NaN
2010,12,25,1400,40.1,18.3,35.9,3.1,NaN
2010,12,25,1400,40.1,18.3,35.9,3.1,NaN
2010,12,25,1400,40.1,18.3,35.9,3.1,NaN
2010,12,25,1400,40.1,18.3,35.9,3.1,NaN
2010,12,25,1400,40.1,18.3,35.9,3.1,NaN
2010,12,25,1400,40.1,18.3,35.9,3.1,NaN
2010,12,25,1400,40.1,18.3,35.9,3.1,NaN
2010,12,25,1400,40.1,18.3,35.9,3.1,NaN
2010,12,25,1400,40.1,18.3,35.9,3.1,NaN
2010,12,25,1400,40.1,18.3,35.9,3.1,NaN
2010,12,25,1400,40.1,18.3,35.9,3.1,NaN
2010,12,25,1400,40.1,18.3,35.9,3.1,NaN
2010,12,25,1400,40.1,18.3,35.9,3.1,NaN
2010,12,25,1400,40.1,18.3,35.9,3.1,NaN
2010,12,25,1400,40.1,18.3,35.9,3.1,NaN
2010,12,25,1400,40.1,18.3,35.9,3.1,NaN
2010,12,25,1500,40.5,14.6,36,3.5,0
2010,12,25,1500,40.5,14.6,36,3.5,NaN
2010,12,25,1500,40.5,14.6,36,3.5,NaN
2010,12,25,1500,40.5,14.6,36,3.5,NaN
2010,12,25,1500,40.5,14.6,36,3.5,NaN
2010,12,25,1500,40.5,14.6,36,3.5,NaN
2010,12,25,1500,40.5,14.6,36,3.5,NaN
2010,12,25,1500,40.5,14.6,36,3.5,NaN
2010,12,25,1500,40.5,14.6,36,3.5,NaN
2010,12,25,1500,40.5,14.6,36,3.5,NaN
2010,12,25,1500,40.5,14.6,36,3.5,NaN
2010,12,25,1500,40.5,14.6,36,3.5,NaN
2010,12,25,1500,40.5,14.6,36,3.5,NaN
2010,12,25,1500,40.5,14.6,36,3.5,NaN
2010,12,25,1500,40.5,14.6,36,3.5,NaN
2010,12,25,1500,40.5,14.6,36,3.5,NaN
2010,12,25,1500,40.5,14.6,36,3.5,NaN
2010,12,25,1500,40.5,14.6,36,3.5,NaN
2010,12,25,1600,41,15.2,35.7,3.1,0
2010,12,25,1600,41,15.2,35.7,3.1,NaN
2010,12,25,1600,41,15.2,35.7,3.1,NaN
2010,12,25,1600,41,15.2,35.7,3.1,NaN
2010,12,25,1600,41,15.2,35.7,3.1,NaN
2010,12,25,1600,41,15.2,35.7,3.1,NaN
2010,12,25,1600,41,15.2,35.7,3.1,NaN
2010,12,25,1600,41,15.2,35.7,3.1,NaN
2010,12,25,1600,41,15.2,35.7,3.1,NaN
2010,12,25,1600,41,15.2,35.7,3.1,NaN
2010,12,25,1600,41,15.2,35.7,3.1,NaN
2010,12,25,1600,41,15.2,35.7,3.1,NaN
2010,12,25,1600,41,15.2,35.7,3.1,NaN
2010,12,25,1600,41,15.2,35.7,3.1,NaN
2010,12,25,1600,41,15.2,35.7,3.1,NaN
2010,12,25,1600,41,15.2,35.7,3.1,NaN
2010,12,25,1600,41,15.2,35.7,3.1,NaN
2010,12,25,1600,41,15.2,35.7,3.1,NaN
2010,12,25,1700,36.2,22.1,36.1,0.2,0
2010,12,25,1700,36.2,22.1,36.1,0.2,NaN
2010,12,25,1700,36.2,22.1,36.1,0.2,NaN
2010,12,25,1700,36.2,22.1,36.1,0.2,NaN
2010,12,25,1700,36.2,22.1,36.1,0.2,NaN
2010,12,25,1700,36.2,22.1,36.1,0.2,NaN
2010,12,25,1700,36.2,22.1,36.1,0.2,NaN
2010,12,25,1700,36.2,22.1,36.1,0.2,NaN
2010,12,25,1700,36.2,22.1,36.1,0.2,NaN
2010,12,25,1700,36.2,22.1,36.1,0.2,NaN
2010,12,25,1700,36.2,22.1,36.1,0.2,NaN
2010,12,25,1700,36.2,22.1,36.1,0.2,NaN
2010,12,25,1700,36.2,22.1,36.1,0.2,NaN
2010,12,25,1700,36.2,22.1,36.1,0.2,NaN
2010,12,25,1700,36.2,22.1,36.1,0.2,NaN
2010,12,25,1700,36.2,22.1,36.1,0.2,NaN
2010,12,25,1700,36.2,22.1,36.1,0.2,NaN
2010,12,25,1700,36.2,22.1,36.1,0.2,NaN
2010,12,25,1800,36.2,21.6,35.8,1.2,0
2010,12,25,1800,36.2,21.6,35.8,1.2,NaN
2010,12,25,1800,36.2,21.6,35.8,1.2,NaN
2010,12,25,1800,36.2,21.6,35.8,1.2,NaN
2010,12,25,1800,36.2,21.6,35.8,1.2,NaN
2010,12,25,1800,36.2,21.6,35.8,1.2,NaN
2010,12,25,1800,36.2,21.6,35.8,1.2,NaN
2010,12,25,1800,36.2,21.6,35.8,1.2,NaN
2010,12,25,1800,36.2,21.6,35.8,1.2,NaN
2010,12,25,1800,36.2,21.6,35.8,1.2,NaN
2010,12,25,1800,36.2,21.6,35.8,1.2,NaN
2010,12,25,1800,36.2,21.6,35.8,1.2,NaN
2010,12,25,1800,36.2,21.6,35.8,1.2,NaN
2010,12,25,1800,36.2,21.6,35.8,1.2,NaN
2010,12,25,1800,36.2,21.6,35.8,1.2,NaN
2010,12,25,1800,36.2,21.6,35.8,1.2,NaN
2010,12,25,1800,36.2,21.6,35.8,1.2,NaN
2010,12,25,1800,36.2,21.6,35.8,1.2,NaN
2010,12,25,1900,33.8,28.4,35.6,1.4,0
2010,12,25,1900,33.8,28.4,35.6,1.4,NaN
2010,12,25,1900,33.8,28.4,35.6,1.4,NaN
2010,12,25,1900,33.8,28.4,35.6,1.4,NaN
2010,12,25,1900,33.8,28.4,35.6,1.4,NaN
2010,12,25,1900,33.8,28.4,35.6,1.4,NaN
2010,12,25,1900,33.8,28.4,35.6,1.4,NaN
2010,12,25,1900,33.8,28.4,35.6,1.4,NaN
2010,12,25,1900,33.8,28.4,35.6,1.4,NaN
2010,12,25,1900,33.8,28.4,35.6,1.4,NaN
2010,12,25,1900,33.8,28.4,35.6,1.4,NaN
2010,12,25,1900,33.8,28.4,35.6,1.4,NaN
2010,12,25,1900,33.8,28.4,35.6,1.4,NaN
2010,12,25,1900,33.8,28.4,35.6,1.4,NaN
2010,12,25,1900,33.8,28.4,35.6,1.4,NaN
2010,12,25,1900,33.8,28.4,35.6,1.4,NaN
2010,12,25,1900,33.8,28.4,35.6,1.4,NaN
2010,12,25,1900,33.8,28.4,35.6,1.4,NaN
2010,12,25,2000,34.7,24.5,35.5,3.4,0
2010,12,25,2000,34.7,24.5,35.5,3.4,NaN
2010,12,25,2000,34.7,24.5,35.5,3.4,NaN
2010,12,25,2000,34.7,24.5,35.5,3.4,NaN
2010,12,25,2000,34.7,24.5,35.5,3.4,NaN
2010,12,25,2000,34.7,24.5,35.5,3.4,NaN
2010,12,25,2000,34.7,24.5,35.5,3.4,NaN
2010,12,25,2000,34.7,24.5,35.5,3.4,NaN
2010,12,25,2000,34.7,24.5,35.5,3.4,NaN
2010,12,25,2000,34.7,24.5,35.5,3.4,NaN
2010,12,25,2000,34.7,24.5,35.5,3.4,NaN
2010,12,25,2000,34.7,24.5,35.5,3.4,NaN
2010,12,25,2000,34.7,24.5,35.5,3.4,NaN
2010,12,25,2000,34.7,24.5,35.5,3.4,NaN
2010,12,25,2000,34.7,24.5,35.5,3.4,NaN
2010,12,25,2000,34.7,24.5,35.5,3.4,NaN
2010,12,25,2000,34.7,24.5,35.5,3.4,NaN
2010,12,25,2000,34.7,24.5,35.5,3.4,NaN
2010,12,25,2100,33.2,28.3,35.4,4.1,0
2010,12,25,2100,33.2,28.3,35.4,4.1,NaN
2010,12,25,2100,33.2,28.3,35.4,4.1,NaN
2010,12,25,2100,33.2,28.3,35.4,4.1,NaN
2010,12,25,2100,33.2,28.3,35.4,4.1,NaN
2010,12,25,2100,33.2,28.3,35.4,4.1,NaN
2010,12,25,2100,33.2,28.3,35.4,4.1,NaN
2010,12,25,2100,33.2,28.3,35.4,4.1,NaN
2010,12,25,2100,33.2,28.3,35.4,4.1,NaN
2010,12,25,2100,33.2,28.3,35.4,4.1,NaN
2010,12,25,2100,33.2,28.3,35.4,4.1,NaN
2010,12,25,2100,33.2,28.3,35.4,4.1,NaN
2010,12,25,2100,33.2,28.3,35.4,4.1,NaN
2010,12,25,2100,33.2,28.3,35.4,4.1,NaN
2010,12,25,2100,33.2,28.3,35.4,4.1,NaN
2010,12,25,2100,33.2,28.3,35.4,4.1,NaN
2010,12,25,2100,33.2,28.3,35.4,4.1,NaN
2010,12,25,2100,33.2,28.3,35.4,4.1,NaN
2010,12,25,2200,30.8,35,35.4,4.4,0
2010,12,25,2200,30.8,35,35.4,4.4,NaN
2010,12,25,2200,30.8,35,35.4,4.4,NaN
2010,12,25,2200,30.8,35,35.4,4.4,NaN
2010,12,25,2200,30.8,35,35.4,4.4,NaN
2010,12,25,2200,30.8,35,35.4,4.4,NaN
2010,12,25,2200,30.8,35,35.4,4.4,NaN
2010,12,25,2200,30.8,35,35.4,4.4,NaN
2010,12,25,2200,30.8,35,35.4,4.4,NaN
2010,12,25,2200,30.8,35,35.4,4.4,NaN
2010,12,25,2200,30.8,35,35.4,4.4,NaN
2010,12,25,2200,30.8,35,35.4,4.4,NaN
2010,12,25,2200,30.8,35,35.4,4.4,NaN
2010,12,25,2200,30.8,35,35.4,4.4,NaN
2010,12,25,2200,30.8,35,35.4,4.4,NaN
2010,12,25,2200,30.8,35,35.4,4.4,NaN
2010,12,25,2200,30.8,35,35.4,4.4,NaN
2010,12,25,2200,30.8,35,35.4,4.4,NaN
2010,12,25,2300,33.4,32.5,35.1,4.4,0
2010,12,25,2300,33.4,32.5,35.1,4.4,NaN
2010,12,25,2300,33.4,32.5,35.1,4.4,NaN
2010,12,25,2300,33.4,32.5,35.1,4.4,NaN
2010,12,25,2300,33.4,32.5,35.1,4.4,NaN
2010,12,25,2300,33.4,32.5,35.1,4.4,NaN
2010,12,25,2300,33.4,32.5,35.1,4.4,NaN
2010,12,25,2300,33.4,32.5,35.1,4.4,NaN
2010,12,25,2300,33.4,32.5,35.1,4.4,NaN
2010,12,25,2300,33.4,32.5,35.1,4.4,NaN
2010,12,25,2300,33.4,32.5,35.1,4.4,NaN
2010,12,25,2300,33.4,32.5,35.1,4.4,NaN
2010,12,25,2300,33.4,32.5,35.1,4.4,NaN
2010,12,25,2300,33.4,32.5,35.1,4.4,NaN
2010,12,25,2300,33.4,32.5,35.1,4.4,NaN
2010,12,25,2300,33.4,32.5,35.1,4.4,NaN
2010,12,25,2300,33.4,32.5,35.1,4.4,NaN
2010,12,25,2300,33.4,32.5,35.1,4.4,NaN
2010,12,26,0,30.7,36.1,35.2,4.3,0
2010,12,26,0,30.7,36.1,35.2,4.3,NaN
2010,12,26,0,30.7,36.1,35.2,4.3,NaN
2010,12,26,0,30.7,36.1,35.2,4.3,NaN
2010,12,26,0,30.7,36.1,35.2,4.3,NaN
2010,12,26,0,30.7,36.1,35.2,4.3,NaN
2010,12,26,0,30.7,36.1,35.2,4.3,NaN
2010,12,26,0,30.7,36.1,35.2,4.3,NaN
2010,12,26,0,30.7,36.1,35.2,4.3,NaN
2010,12,26,0,30.7,36.1,35.2,4.3,NaN
2010,12,26,0,30.7,36.1,35.2,4.3,NaN
2010,12,26,0,30.7,36.1,35.2,4.3,NaN
2010,12,26,0,30.7,36.1,35.2,4.3,NaN
2010,12,26,0,30.7,36.1,35.2,4.3,NaN
2010,12,26,0,30.7,36.1,35.2,4.3,NaN
2010,12,26,0,30.7,36.1,35.2,4.3,NaN
2010,12,26,0,30.7,36.1,35.2,4.3,NaN
2010,12,26,0,30.7,36.1,35.2,4.3,NaN
2010,12,26,100,32,30.2,35.2,4.3,0
2010,12,26,100,32,30.2,35.2,4.3,NaN
2010,12,26,100,32,30.2,35.2,4.3,NaN
2010,12,26,100,32,30.2,35.2,4.3,NaN
2010,12,26,100,32,30.2,35.2,4.3,NaN
2010,12,26,100,32,30.2,35.2,4.3,NaN
2010,12,26,100,32,30.2,35.2,4.3,NaN
2010,12,26,100,32,30.2,35.2,4.3,NaN
2010,12,26,100,32,30.2,35.2,4.3,NaN
2010,12,26,100,32,30.2,35.2,4.3,NaN
2010,12,26,100,32,30.2,35.2,4.3,NaN
2010,12,26,100,32,30.2,35.2,4.3,NaN
2010,12,26,100,32,30.2,35.2,4.3,NaN
2010,12,26,100,32,30.2,35.2,4.3,NaN
2010,12,26,100,32,30.2,35.2,4.3,NaN
2010,12,26,100,32,30.2,35.2,4.3,NaN
2010,12,26,100,32,30.2,35.2,4.3,NaN
2010,12,26,100,32,30.2,35.2,4.3,NaN
2010,12,26,200,34.5,26.7,35.1,4.3,0
2010,12,26,200,34.5,26.7,35.1,4.3,NaN
2010,12,26,200,34.5,26.7,35.1,4.3,NaN
2010,12,26,200,34.5,26.7,35.1,4.3,NaN
2010,12,26,200,34.5,26.7,35.1,4.3,NaN
2010,12,26,200,34.5,26.7,35.1,4.3,NaN
2010,12,26,200,34.5,26.7,35.1,4.3,NaN
2010,12,26,200,34.5,26.7,35.1,4.3,NaN
2010,12,26,200,34.5,26.7,35.1,4.3,NaN
2010,12,26,200,34.5,26.7,35.1,4.3,NaN
2010,12,26,200,34.5,26.7,35.1,4.3,NaN
2010,12,26,200,34.5,26.7,35.1,4.3,NaN
2010,12,26,200,34.5,26.7,35.1,4.3,NaN
2010,12,26,200,34.5,26.7,35.1,4.3,NaN
2010,12,26,200,34.5,26.7,35.1,4.3,NaN
2010,12,26,200,34.5,26.7,35.1,4.3,NaN
2010,12,26,200,34.5,26.7,35.1,4.3,NaN
2010,12,26,200,34.5,26.7,35.1,4.3,NaN
2010,12,26,300,39,15.5,35.2,4.3,0
2010,12,26,300,39,15.5,35.2,4.3,NaN
2010,12,26,300,39,15.5,35.2,4.3,NaN
2010,12,26,300,39,15.5,35.2,4.3,NaN
2010,12,26,300,39,15.5,35.2,4.3,NaN
2010,12,26,300,39,15.5,35.2,4.3,NaN
2010,12,26,300,39,15.5,35.2,4.3,NaN
2010,12,26,300,39,15.5,35.2,4.3,NaN
2010,12,26,300,39,15.5,35.2,4.3,NaN
2010,12,26,300,39,15.5,35.2,4.3,NaN
2010,12,26,300,39,15.5,35.2,4.3,NaN
2010,12,26,300,39,15.5,35.2,4.3,NaN
2010,12,26,300,39,15.5,35.2,4.3,NaN
2010,12,26,300,39,15.5,35.2,4.3,NaN
2010,12,26,300,39,15.5,35.2,4.3,NaN
2010,12,26,300,39,15.5,35.2,4.3,NaN
2010,12,26,300,39,15.5,35.2,4.3,NaN
2010,12,26,300,39,15.5,35.2,4.3,NaN
2010,12,26,400,33.2,24.5,35.2,4.3,0
2010,12,26,400,33.2,24.5,35.2,4.3,NaN
2010,12,26,400,33.2,24.5,35.2,4.3,NaN
2010,12,26,400,33.2,24.5,35.2,4.3,NaN
2010,12,26,400,33.2,24.5,35.2,4.3,NaN
2010,12,26,400,33.2,24.5,35.2,4.3,NaN
2010,12,26,400,33.2,24.5,35.2,4.3,NaN
2010,12,26,400,33.2,24.5,35.2,4.3,NaN
2010,12,26,400,33.2,24.5,35.2,4.3,NaN
2010,12,26,400,33.2,24.5,35.2,4.3,NaN
2010,12,26,400,33.2,24.5,35.2,4.3,NaN
2010,12,26,400,33.2,24.5,35.2,4.3,NaN
2010,12,26,400,33.2,24.5,35.2,4.3,NaN
2010,12,26,400,33.2,24.5,35.2,4.3,NaN
2010,12,26,400,33.2,24.5,35.2,4.3,NaN
2010,12,26,400,33.2,24.5,35.2,4.3,NaN
2010,12,26,400,33.2,24.5,35.2,4.3,NaN
2010,12,26,500,29.9,32.1,35.2,4.4,0
2010,12,26,500,29.9,32.1,35.2,4.4,NaN
2010,12,26,500,29.9,32.1,35.2,4.4,NaN
2010,12,26,500,29.9,32.1,35.2,4.4,NaN
2010,12,26,500,29.9,32.1,35.2,4.4,NaN
2010,12,26,500,29.9,32.1,35.2,4.4,NaN
2010,12,26,500,29.9,32.1,35.2,4.4,NaN
2010,12,26,500,29.9,32.1,35.2,4.4,NaN
2010,12,26,500,29.9,32.1,35.2,4.4,NaN
2010,12,26,500,29.9,32.1,35.2,4.4,NaN
2010,12,26,500,29.9,32.1,35.2,4.4,NaN
2010,12,26,500,29.9,32.1,35.2,4.4,NaN
2010,12,26,500,29.9,32.1,35.2,4.4,NaN
2010,12,26,500,29.9,32.1,35.2,4.4,NaN
2010,12,26,500,29.9,32.1,35.2,4.4,NaN
2010,12,26,500,29.9,32.1,35.2,4.4,NaN
2010,12,26,600,29.1,35.3,35,4.3,0
2010,12,26,600,29.1,35.3,35,4.3,NaN
2010,12,26,600,29.1,35.3,35,4.3,NaN
2010,12,26,600,29.1,35.3,35,4.3,NaN
2010,12,26,600,29.1,35.3,35,4.3,NaN
2010,12,26,600,29.1,35.3,35,4.3,NaN
2010,12,26,600,29.1,35.3,35,4.3,NaN
2010,12,26,600,29.1,35.3,35,4.3,NaN
2010,12,26,600,29.1,35.3,35,4.3,NaN
2010,12,26,600,29.1,35.3,35,4.3,NaN
2010,12,26,600,29.1,35.3,35,4.3,NaN
2010,12,26,600,29.1,35.3,35,4.3,NaN
2010,12,26,600,29.1,35.3,35,4.3,NaN
2010,12,26,600,29.1,35.3,35,4.3,NaN
2010,12,26,600,29.1,35.3,35,4.3,NaN
2010,12,26,700,29.9,32.5,35.2,4.3,0
2010,12,26,700,29.9,32.5,35.2,4.3,NaN
2010,12,26,700,29.9,32.5,35.2,4.3,NaN
2010,12,26,700,29.9,32.5,35.2,4.3,NaN
2010,12,26,700,29.9,32.5,35.2,4.3,NaN
2010,12,26,700,29.9,32.5,35.2,4.3,NaN
2010,12,26,700,29.9,32.5,35.2,4.3,NaN
2010,12,26,700,29.9,32.5,35.2,4.3,NaN
2010,12,26,700,29.9,32.5,35.2,4.3,NaN
2010,12,26,700,29.9,32.5,35.2,4.3,NaN
2010,12,26,700,29.9,32.5,35.2,4.3,NaN
2010,12,26,700,29.9,32.5,35.2,4.3,NaN
2010,12,26,700,29.9,32.5,35.2,4.3,NaN
2010,12,26,700,29.9,32.5,35.2,4.3,NaN
2010,12,26,800,28.2,44.3,35.3,4.4,0
2010,12,26,800,28.2,44.3,35.3,4.4,NaN
2010,12,26,800,28.2,44.3,35.3,4.4,NaN
2010,12,26,800,28.2,44.3,35.3,4.4,NaN
2010,12,26,800,28.2,44.3,35.3,4.4,NaN
2010,12,26,800,28.2,44.3,35.3,4.4,NaN
2010,12,26,800,28.2,44.3,35.3,4.4,NaN
2010,12,26,800,28.2,44.3,35.3,4.4,NaN
2010,12,26,800,28.2,44.3,35.3,4.4,NaN
2010,12,26,800,28.2,44.3,35.3,4.4,NaN
2010,12,26,800,28.2,44.3,35.3,4.4,NaN
2010,12,26,800,28.2,44.3,35.3,4.4,NaN
2010,12,26,800,28.2,44.3,35.3,4.4,NaN
2010,12,26,900,28.6,51.1,35.2,4.3,0
2010,12,26,900,28.6,51.1,35.2,4.3,NaN
2010,12,26,900,28.6,51.1,35.2,4.3,NaN
2010,12,26,900,28.6,51.1,35.2,4.3,NaN
2010,12,26,900,28.6,51.1,35.2,4.3,NaN
2010,12,26,900,28.6,51.1,35.2,4.3,NaN
2010,12,26,900,28.6,51.1,35.2,4.3,NaN
2010,12,26,900,28.6,51.1,35.2,4.3,NaN
2010,12,26,900,28.6,51.1,35.2,4.3,NaN
2010,12,26,900,28.6,51.1,35.2,4.3,NaN
2010,12,26,900,28.6,51.1,35.2,4.3,NaN
2010,12,26,900,28.6,51.1,35.2,4.3,NaN
2010,12,26,1000,28.9,48.9,35.2,4.3,0
2010,12,26,1000,28.9,48.9,35.2,4.3,NaN
2010,12,26,1000,28.9,48.9,35.2,4.3,NaN
2010,12,26,1000,28.9,48.9,35.2,4.3,NaN
2010,12,26,1000,28.9,48.9,35.2,4.3,NaN
2010,12,26,1000,28.9,48.9,35.2,4.3,NaN
2010,12,26,1000,28.9,48.9,35.2,4.3,NaN
2010,12,26,1000,28.9,48.9,35.2,4.3,NaN
2010,12,26,1000,28.9,48.9,35.2,4.3,NaN
2010,12,26,1000,28.9,48.9,35.2,4.3,NaN
2010,12,26,1000,28.9,48.9,35.2,4.3,NaN
2010,12,26,1100,28.6,54.6,35.1,4.4,0
2010,12,26,1100,28.6,54.6,35.1,4.4,NaN
2010,12,26,1100,28.6,54.6,35.1,4.4,NaN
2010,12,26,1100,28.6,54.6,35.1,4.4,NaN
2010,12,26,1100,28.6,54.6,35.1,4.4,NaN
2010,12,26,1100,28.6,54.6,35.1,4.4,NaN
2010,12,26,1100,28.6,54.6,35.1,4.4,NaN
2010,12,26,1100,28.6,54.6,35.1,4.4,NaN
2010,12,26,1100,28.6,54.6,35.1,4.4,NaN
2010,12,26,1100,28.6,54.6,35.1,4.4,NaN
2010,12,26,1200,27.8,64.9,35.2,4.3,0
2010,12,26,1200,27.8,64.9,35.2,4.3,NaN
2010,12,26,1200,27.8,64.9,35.2,4.3,NaN
2010,12,26,1200,27.8,64.9,35.2,4.3,NaN
2010,12,26,1200,27.8,64.9,35.2,4.3,NaN
2010,12,26,1200,27.8,64.9,35.2,4.3,NaN
2010,12,26,1200,27.8,64.9,35.2,4.3,NaN
2010,12,26,1200,27.8,64.9,35.2,4.3,NaN
2010,12,26,1200,27.8,64.9,35.2,4.3,NaN
2010,12,26,1300,28.7,64.2,35,4.3,0
2010,12,26,1300,28.7,64.2,35,4.3,NaN
2010,12,26,1300,28.7,64.2,35,4.3,NaN
2010,12,26,1300,28.7,64.2,35,4.3,NaN
2010,12,26,1300,28.7,64.2,35,4.3,NaN
2010,12,26,1300,28.7,64.2,35,4.3,NaN
2010,12,26,1300,28.7,64.2,35,4.3,NaN
2010,12,26,1300,28.7,64.2,35,4.3,NaN
2010,12,26,1400,27.6,70.7,35.1,4.3,0
2010,12,26,1400,27.6,70.7,35.1,4.3,NaN
2010,12,26,1400,27.6,70.7,35.1,4.3,NaN
2010,12,26,1400,27.6,70.7,35.1,4.3,NaN
2010,12,26,1400,27.6,70.7,35.1,4.3,NaN
2010,12,26,1400,27.6,70.7,35.1,4.3,NaN
2010,12,26,1400,27.6,70.7,35.1,4.3,NaN
2010,12,26,1500,25.5,77.9,35.1,4.3,0
2010,12,26,1500,25.5,77.9,35.1,4.3,NaN
2010,12,26,1500,25.5,77.9,35.1,4.3,NaN
2010,12,26,1500,25.5,77.9,35.1,4.3,NaN
2010,12,26,1500,25.5,77.9,35.1,4.3,NaN
2010,12,26,1500,25.5,77.9,35.1,4.3,NaN
2010,12,26,1600,23.9,87.8,34.9,4.3,0
2010,12,26,1600,23.9,87.8,34.9,4.3,NaN
2010,12,26,1600,23.9,87.8,34.9,4.3,NaN
2010,12,26,1600,23.9,87.8,34.9,4.3,NaN
2010,12,26,1600,23.9,87.8,34.9,4.3,NaN
2010,12,26,1700,22.1,91.5,35.6,0.5,0
2010,12,26,1700,22.1,91.5,35.6,0.5,NaN
2010,12,26,1700,22.1,91.5,35.6,0.5,NaN
2010,12,26,1700,22.1,91.5,35.6,0.5,NaN
2010,12,26,1800,21.4,90.9,37.4,2.6,0
2010,12,26,1800,21.4,90.9,37.4,2.6,NaN
2010,12,26,1800,21.4,90.9,37.4,2.6,NaN
2010,12,26,1900,19,93.8,39.8,5.4,0
2010,12,26,1900,19,93.8,39.8,5.4,NaN
2010,12,26,2000,17.4,90.1,40.6,5.3,0.23
2010,12,26,2100,16.7,85.8,40.7,5.3,0.02
2010,12,26,2200,16.6,79.5,40.5,5.1,0.04
2010,12,26,2300,15.8,76.5,40.2,4.9,0
2010,12,27,0,16.9,64,40.3,4.8,0
2010,12,27,100,14.5,91.4,40.3,5.1,0
2010,12,27,200,13.2,87.2,40.7,5.1,0
2010,12,27,300,12.5,82.3,40.6,5.1,0
2010,12,27,400,11.5,72,40.5,5.3,0
2010,12,27,500,11.2,66.5,40.1,5.5,0
2010,12,27,600,11,64.3,40.3,6.4,0
2010,12,27,700,11.8,68.9,40.2,6.8,0.01
2010,12,27,800,12,72.5,40.3,6.7,0.01
2010,12,27,900,12,77.6,40.3,6.6,0.01
2010,12,27,1000,12.8,75.5,40.3,6.5,0
2010,12,27,1100,13.5,71.7,40.2,6.9,0
2010,12,27,1200,13,78.7,40,6.9,0
2010,12,27,1300,13.5,76.5,39.7,6.8,0
2010,12,27,1400,14,63.8,39.9,6.9,0
2010,12,27,1500,13,66.3,39.9,6.8,0
2010,12,27,1600,12.8,64,39.9,6.8,0.05
2010,12,27,1700,12.4,66.6,39.8,0.1,0.02
2010,12,27,1800,12.3,67.9,39.6,0.1,0.03
2010,12,27,1900,12.8,66.7,39.6,0.1,0.02
2010,12,27,2000,12.8,66.3,39.6,0.1,0.01
2010,12,27,2100,12.7,64.7,39.5,0.1,0.02
2010,12,27,2200,10.6,68.2,39.4,0.1,0.02
2010,12,27,2300,11.1,66.7,39.3,-0,0.01
2010,12,28,0,13.3,62.7,39.4,0.1,0.01
2010,12,28,100,13.7,66.3,39.4,0.1,0.01
2010,12,28,200,19,65,39.2,0.1,0
2010,12,28,300,17.7,80.3,39.1,0.1,0
2010,12,28,400,19.1,71.9,39.1,0.1,0
2010,12,28,500,18.8,81.3,39.1,0.1,0
2010,12,28,600,18.9,76.5,39,0.3,0
2010,12,28,700,19.1,76.4,38.9,0.5,0.04
2010,12,28,800,18.9,77.8,38.9,1.1,0.09
2010,12,28,900,19.4,79.8,38.8,1,0
2010,12,28,1000,20.1,80.4,38.9,1.7,0
2010,12,28,1100,21.7,76.2,38.7,12.1,0
2010,12,28,1200,24.1,67.2,38.7,2.2,0.08
2010,12,28,1300,25,64.5,38.6,2.2,0.13
2010,12,28,1400,24,67.8,38.7,2.2,0.06
2010,12,28,1500,25.1,67.8,38.5,2.2,0.04
2010,12,28,1600,19.6,89.5,38.6,2.1,0.01
2010,12,28,1700,18.7,91.3,38.4,0.1,0
2010,12,28,1800,20.6,86.9,39.2,0.6,0
2010,12,28,1900,19.5,84.1,39.4,0.9,0
2010,12,28,2000,21.5,78.4,39.4,1.1,0.06
2010,12,28,2100,22.9,73.3,39,1,0.05
2010,12,28,2200,21.3,75.9,38.1,0.2,0.06
2010,12,28,2300,19.2,79.5,38,1.6,0
2010,12,29,0,15.3,91.4,38.5,12.2,0
2010,12,29,100,15.2,92.4,39.1,4.3,0
2010,12,29,200,15.5,92.9,40,4.5,0
2010,12,29,300,16.8,93.6,40.4,4.6,0
2010,12,29,400,18.3,94.1,41,6,0
2010,12,29,500,17.8,94,41.3,6.3,0
2010,12,29,600,18.5,94.5,41.8,7.6,0.05
2010,12,29,700,18.8,94.2,41.7,7.8,0.06
2010,12,29,800,19.7,94.4,41.6,8.2,0.17
2010,12,29,900,20.1,94.7,41.4,8.1,0.08
2010,12,29,1000,20.6,94.8,41.7,8.4,0.04
2010,12,29,1100,21.4,94.7,42.2,9,0
2010,12,29,1200,21.8,94.4,42.4,9.2,0.07
2010,12,29,1300,22.1,94.4,42.7,9.7,0.05
2010,12,29,1400,22.6,94.7,42.4,10.1,0.01
2010,12,29,1500,21.8,94.5,43.5,10.4,0.07
2010,12,29,1600,21.2,94.7,43.9,10.8,0.01
2010,12,29,1700,19.5,94.8,44.2,0.1,0.04
2010,12,29,1800,11.7,91.2,45,0.6,0.01
2010,12,29,1900,7.2,90.1,46.3,2.2,0.02
2010,12,29,2000,8,90.5,46.3,2.4,0.02
2010,12,29,2100,4.3,88.6,46.4,2.6,0
2010,12,29,2200,4.2,88.8,46.3,2.7,0
2010,12,29,2300,1.8,87.9,46.4,2.8,0
2010,12,30,0,-0.6,87,46.2,2.7,0
2010,12,30,100,-0.6,86.8,46.2,2.8,0
2010,12,30,200,-1.1,86.6,46.1,2.8,0
2010,12,30,300,-2.1,86.1,46.1,2.8,0
2010,12,30,400,-3.3,85.6,45.9,2.8,0
2010,12,30,500,-4.5,85.1,45.8,2.7,0
2010,12,30,600,-5.4,84.5,45.9,2.9,0
2010,12,30,700,-8.2,83.3,45.8,2.8,0.02
2010,12,30,800,-9.9,82.8,45.8,2.9,0.07
2010,12,30,900,-8.1,83.5,45.7,2.8,0.02
2010,12,30,1000,-4.1,84.3,45.3,2.8,0
2010,12,30,1100,-0.7,85,45,2.7,0
2010,12,30,1200,-0.8,84.8,45,2.7,0.03
2010,12,30,1300,-0.5,84.8,44.9,2.7,0
2010,12,30,1400,-5.1,83.9,45.1,2.8,0.06
2010,12,30,1500,-6.3,83.6,45.1,2.8,0.04
2010,12,30,1600,-11.1,81.6,45.2,2.8,0.12
2010,12,30,1700,-13.1,80.9,45.2,0.1,0.16
2010,12,30,1800,-14.4,80.4,45.1,0.1,0.11
2010,12,30,1900,-12.6,81.4,45.1,0.1,0.06
2010,12,30,2000,-12.7,81,45,0.1,0.07
2010,12,30,2100,-12.4,80.8,45,0.1,0.04
2010,12,30,2200,-12.7,81.1,44.9,0.1,0
2010,12,30,2300,-12.4,81.1,44.9,0.1,0.03
2010,12,31,0,-12.9,80.8,44.8,0.1,0
2010,12,31,100,-12.8,80.9,44.6,0.1,0
2010,12,31,200,-13,80.8,44.7,0.1,0
2010,12,31,300,-13.2,80.8,44.7,0.1,0
2010,12,31,400,-13.3,80.7,44.6,0.1,0
2010,12,31,500,-13.7,80.5,44.6,0.1,0.13
2010,12,31,600,-15.2,80,44.6,0.1,0.18
2010,12,31,700,-14.3,80.3,44.6,0.2,0
2010,12,31,800,-15.7,79.6,44.4,0.1,0.19
2010,12,31,900,-12.6,80.8,44.3,0.1,0
2010,12,31,1000,-13,80.6,44.2,0.2,0
2010,12,31,1100,-12.6,80.8,44.3,0.2,0
2010,12,31,1200,-12.2,81.2,44,0.2,0
2010,12,31,1300,-10.7,81.7,44.1,0.1,0
2010,12,31,1400,-10.2,82.7,44.5,0.2,0
2010,12,31,1500,-10.2,82.3,44.1,0.2,0
2010,12,31,1600,-8.7,83,44.1,0.1,0
2010,12,31,1700,-10.9,83.4,44.6,0.1,0
2010,12,31,1800,-9.9,82.6,44.1,0.1,0
2010,12,31,1900,-10.2,82.8,44,0.2,0
2010,12,31,2000,-9.2,82.5,43.9,-0,0
2010,12,31,2100,-9.5,82.1,43.7,0.1,0
2010,12,31,2200,-8.9,83.1,44.1,0.1,0
2010,12,31,2300,-6.2,84.3,43.9,0.1,0
2011,1,1,0,-6.4,83.9,43.7,0.1,0
2011,1,1,100,-6.6,83.7,43.7,0.1,0
2011,1,1,200,-7.6,83.5,43.7,0.1,0
2011,1,1,300,-7.7,83.4,43.7,0.1,0
2011,1,1,400,-8.2,82.9,43.6,0.1,0.16
2011,1,1,500,-8.5,83,43.6,0.1,0.01
2011,1,1,600,-6.6,83.8,43.5,0.1,0
2011,1,1,700,-7.9,84,43.7,0.1,0
2011,1,1,800,-4.7,84.5,43.5,0.1,0
2011,1,1,900,-5,85,43.5,0.1,0
2011,1,1,1000,-6.1,83.6,43.3,-0,0.06
2011,1,1,1100,-6.3,84,43.3,0,0.03
2011,1,1,1200,-4.5,84,43.3,0,0
2011,1,1,1300,-1.3,84.8,43.1,-0,0
2011,1,1,1400,-3.4,84.8,43.2,0,0
2011,1,1,1500,0.1,86.6,43,-0,0
2011,1,1,1600,-0.6,86.3,43.2,0,0.07
2011,1,1,1700,0,87.2,43.3,0.1,0
2011,1,1,1800,1.6,87.6,43.1,0,0
2011,1,1,1900,1.2,87.2,43,0.1,0
2011,1,1,2000,1.4,87.3,43.1,0.1,0
2011,1,1,2100,1.7,87.9,43.1,0.1,0.04
2011,1,1,2200,2.9,88,43,0.1,0
2011,1,1,2300,2.7,88.1,43,0.1,0
2011,1,2,0,3.6,88.5,42.9,0.1,0
2011,1,2,100,5.1,89,42.9,0.1,0
2011,1,2,200,6,89.5,42.9,0.1,0
2011,1,2,300,8.1,90.2,42.8,0.1,0
2011,1,2,400,8.7,90.6,42.8,0.1,0
2011,1,2,500,8.9,90.5,42.8,0.1,0
2011,1,2,600,8.6,90.1,42.7,0.1,0
2011,1,2,700,7.6,90,42.6,0.1,0
2011,1,2,800,7.4,89.9,42.6,0.1,0
2011,1,2,900,7.7,89.9,42.6,0.1,0
2011,1,2,1000,10,90.3,42.8,0.2,0
2011,1,2,1100,11,90.1,42.9,0,0
2011,1,2,1200,11.2,89.9,43.8,1.8,0
2011,1,2,1300,12.9,90.6,44.2,1.7,0
2011,1,2,1400,13.2,90.4,44.3,2.3,0
2011,1,2,1500,11.7,90.7,45.6,2.7,0.02
2011,1,2,1600,10.5,90.7,45.5,3.6,0.05
2011,1,2,1700,8.3,90.2,46.6,0.1,0.06
2011,1,2,1800,7.7,90,46.9,0.1,0.03
2011,1,2,1900,7.7,90,46.9,0.2,0.04
2011,1,2,2000,8.4,90.4,46.9,0.4,0.01
2011,1,2,2100,8.7,90.5,46.3,0.4,0.02
2011,1,2,2200,8.8,90.4,46.7,0.3,0.01
2011,1,2,2300,8.3,90.2,46.4,0.1,0.02
2011,1,3,0,8.3,90.2,46.1,0.1,0.02
2011,1,3,100,8.2,90.2,46.1,0.1,0.01
2011,1,3,200,7.8,90.2,46.3,0.2,0.02
2011,1,3,300,7.5,90,46.4,0.6,0.02
2011,1,3,400,7.1,89.8,46.1,0.5,0.01
2011,1,3,500,6.4,89.6,46.4,0.7,0.02
2011,1,3,600,6,89.4,46.5,0.8,0.02
2011,1,3,700,5.3,89,46.5,0.8,0.02
2011,1,3,800,5.5,89.2,46.6,0.9,0.02
2011,1,3,900,6.3,89.5,46.4,0.9,0.01
2011,1,3,1000,6.2,89.2,46.2,0.9,0.02
2011,1,3,1100,6.4,89.3,46.3,0.9,0.01
2011,1,3,1200,6,89,46.1,0.9,0.01
2011,1,3,1300,6.3,89.6,46,0.9,1.5
2011,1,3,1400,6.3,89.3,45.9,0.8,0.01
2011,1,3,1500,6.2,89.3,45.7,0.7,0
2011,1,3,1500,6.2,89.3,45.7,0.7,NaN
2011,1,3,1600,5.8,89.1,45.8,0.7,0
2011,1,3,1600,5.8,89.1,45.8,0.7,NaN
2011,1,3,1600,5.8,89.1,45.8,0.7,NaN
2011,1,3,1700,5.2,88.3,45.8,0,0
2011,1,3,1700,5.2,88.3,45.8,0,NaN
2011,1,3,1700,5.2,88.3,45.8,0,NaN
2011,1,3,1800,4.7,89,45.6,0.1,0
2011,1,3,1800,4.7,89,45.6,0.1,NaN
2011,1,3,1800,4.7,89,45.6,0.1,NaN
2011,1,3,1900,5.1,88.9,45.7,0.1,0
2011,1,3,1900,5.1,88.9,45.7,0.1,NaN
2011,1,3,1900,5.1,88.9,45.7,0.1,NaN
2011,1,3,2000,5.4,88.7,45.3,0,0
2011,1,3,2000,5.4,88.7,45.3,0,NaN
2011,1,3,2000,5.4,88.7,45.3,0,NaN
2011,1,3,2100,5.2,87.8,45.5,0,0
2011,1,3,2100,5.2,87.8,45.5,0,NaN
2011,1,3,2100,5.2,87.8,45.5,0,NaN
2011,1,3,2200,6.1,88.4,45.6,0,0
2011,1,3,2200,6.1,88.4,45.6,0,NaN
2011,1,3,2200,6.1,88.4,45.6,0,NaN
2011,1,3,2300,8.5,91.2,45.6,0.1,0
2011,1,3,2300,8.5,91.2,45.6,0.1,NaN
2011,1,3,2300,8.5,91.2,45.6,0.1,NaN
2011,1,4,0,8.2,89.9,45.4,0,0
2011,1,4,0,8.2,89.9,45.4,0,NaN
2011,1,4,0,8.2,89.9,45.4,0,NaN
2011,1,4,100,8.2,88.7,45.4,0,0
2011,1,4,100,8.2,88.7,45.4,0,NaN
2011,1,4,100,8.2,88.7,45.4,0,NaN
2011,1,4,200,11,91.4,45.3,0.1,0
2011,1,4,200,11,91.4,45.3,0.1,NaN
2011,1,4,200,11,91.4,45.3,0.1,NaN
2011,1,4,300,7.4,88.2,45.2,0.1,0
2011,1,4,300,7.4,88.2,45.2,0.1,NaN
2011,1,4,300,7.4,88.2,45.2,0.1,NaN
2011,1,4,400,8,89.5,45.1,0.1,0
2011,1,4,400,8,89.5,45.1,0.1,NaN
2011,1,4,400,8,89.5,45.1,0.1,NaN
2011,1,4,500,9.2,90.1,45.3,0.1,0
2011,1,4,500,9.2,90.1,45.3,0.1,NaN
2011,1,4,500,9.2,90.1,45.3,0.1,NaN
2011,1,4,600,10.3,90.1,45.1,0.1,0
2011,1,4,600,10.3,90.1,45.1,0.1,NaN
2011,1,4,600,10.3,90.1,45.1,0.1,NaN
2011,1,4,700,8.9,89.7,44.9,0.1,0
2011,1,4,700,8.9,89.7,44.9,0.1,NaN
2011,1,4,700,8.9,89.7,44.9,0.1,NaN
2011,1,4,800,8.6,90.2,45,0.1,0
2011,1,4,800,8.6,90.2,45,0.1,NaN
2011,1,4,800,8.6,90.2,45,0.1,NaN
2011,1,4,900,7.4,88.5,44.8,0.1,0
2011,1,4,900,7.4,88.5,44.8,0.1,NaN
2011,1,4,900,7.4,88.5,44.8,0.1,NaN
2011,1,4,1000,11.7,89.9,44.8,0.1,0
2011,1,4,1000,11.7,89.9,44.8,0.1,NaN
2011,1,4,1000,11.7,89.9,44.8,0.1,NaN
2011,1,4,1100,12.5,89.4,44.6,0,0
2011,1,4,1100,12.5,89.4,44.6,0,NaN
2011,1,4,1100,12.5,89.4,44.6,0,NaN
2011,1,4,1200,16.2,90.3,44.4,-0,0
2011,1,4,1200,16.2,90.3,44.4,-0,NaN
2011,1,4,1200,16.2,90.3,44.4,-0,NaN
2011,1,4,1300,15.2,89.8,44.6,0,0
2011,1,4,1300,15.2,89.8,44.6,0,NaN
2011,1,4,1300,15.2,89.8,44.6,0,NaN
2011,1,4,1400,16.1,89.7,44.5,0,0
2011,1,4,1400,16.1,89.7,44.5,0,NaN
2011,1,4,1400,16.1,89.7,44.5,0,NaN
2011,1,4,1500,17.7,90.9,44.4,0,0
2011,1,4,1500,17.7,90.9,44.4,0,NaN
2011,1,4,1500,17.7,90.9,44.4,0,NaN
2011,1,5,1300,20.4,93.9,53,8.9,0
2011,1,5,1300,20.4,93.9,53,8.9,NaN
2011,1,5,1300,20.4,93.9,53,8.9,NaN
2011,1,5,1400,21.2,94.2,52.9,8.9,0
2011,1,5,1400,21.2,94.2,52.9,8.9,NaN
2011,1,5,1400,21.2,94.2,52.9,8.9,NaN
2011,1,5,1500,21.4,94.2,52.8,8.8,0
2011,1,5,1500,21.4,94.2,52.8,8.8,NaN
2011,1,5,1500,21.4,94.2,52.8,8.8,NaN
2011,1,5,1600,19.6,93.1,52.7,8.8,0
2011,1,5,1600,19.6,93.1,52.7,8.8,NaN
2011,1,5,1700,18.6,93.5,52.6,0.1,0.03
2011,1,5,1800,19.3,93.9,52.5,0.1,0
2011,1,5,1900,19.7,93.9,52.4,0.1,0
2011,1,5,2000,20.1,94.1,52.4,0.2,0
2011,1,5,2100,19.7,93.8,52.2,0.2,0
2011,1,5,2200,20.4,94,52.1,0.2,0
2011,1,5,2300,20.6,94.4,52,0.2,0
2011,1,6,0,21.9,94.6,51.9,0.2,0
2011,1,6,100,22.9,95.1,51.7,0.1,0.01
2011,1,6,200,21.8,94.9,51.6,0.2,0
2011,1,6,300,22.1,94.5,51.4,0.2,0
2011,1,6,400,23.3,95.6,51.4,0.1,0
2011,1,6,500,23.8,95.7,51.3,0.1,0
2011,1,6,600,24.2,95.1,51.1,0.1,0
2011,1,6,700,25.1,95.4,51,0.1,0
2011,1,6,800,25.5,95.8,50.9,0.2,0
2011,1,6,900,25.7,95.8,50.8,0.3,0
2011,1,6,1000,27.9,95,50.7,0.4,0
2011,1,6,1100,29.6,93.5,50.6,0.2,0
2011,1,6,1200,30.3,89.6,50.4,0.3,0
2011,1,6,1300,29,90.8,50.3,0.3,0
2011,1,6,1400,28,91.4,50.2,0.4,0
2011,1,6,1500,28,91.9,50,0.4,0
2011,1,6,1600,27.6,91.9,49.9,0.1,0
2011,1,6,1700,26.8,92.5,49.8,0.1,0
2011,1,6,1800,26.9,93.7,49.7,0.1,0
2011,1,6,1900,26.8,94.7,49.6,0.1,0
2011,1,6,2000,26.5,95.8,49.5,0.1,0
2011,1,6,2100,26.4,96.9,49.4,0.1,0
2011,1,6,2200,26.8,97.3,49.3,0.1,0.01
2011,1,6,2300,26.9,97.3,49.1,0.2,0.03
2011,1,7,0,27,97.3,49,0.2,0
2011,1,7,100,26.6,97.3,48.9,0.1,0
2011,1,7,200,26.9,96.9,48.8,0.2,0
2011,1,7,300,26.9,96.5,48.7,0.2,0
2011,1,7,400,26.7,96.5,48.6,0.2,0
2011,1,7,500,26.7,96,48.5,0.2,0
2011,1,7,600,26.8,95.6,48.4,0.2,0
2011,1,7,700,26.9,95.6,48.3,0.2,0
2011,1,7,800,26.6,96,48.3,0.2,0
2011,1,7,900,27.8,95.4,48,0.1,0
2011,1,7,1000,30.1,92.8,48.1,0.2,0
2011,1,7,1100,30.5,94,47.8,0.2,0
2011,1,7,1200,29.2,94.5,48.1,0.5,0.01
2011,1,7,1300,31.9,92.2,48,0.5,0
2011,1,7,1400,31.3,93.7,47.9,0.6,0
2011,1,7,1500,30.2,94.8,47.9,0.5,0
2011,1,7,1600,30.3,94.7,47.8,0.5,0
2011,1,7,1700,29.7,94.1,47.8,0.2,0
2011,1,7,1800,29.2,93.2,47.7,0.2,0
2011,1,7,1900,28.3,91.8,47.6,0.1,0
2011,1,7,2000,27.8,90.8,47.6,0.2,0
2011,1,7,2100,27.4,86.6,47.6,0.2,0
2011,1,7,2200,27.1,86.9,47.5,0.2,0
2011,1,7,2300,26.6,87.9,47.3,0.2,0
2011,1,8,0,26.8,84.1,47.4,0.2,0
2011,1,8,100,26.5,79.9,47.2,0.2,0
2011,1,8,200,26.8,79.5,47.2,0.1,0
2011,1,8,300,26.8,81.9,47.2,0.1,0
2011,1,8,400,25.8,85.2,46.9,0.2,0
2011,1,8,500,25.1,84,47.1,0.2,0.01
2011,1,8,600,24,91.1,47,0.2,0
2011,1,8,700,23.2,92.3,47,0.2,0.02
2011,1,8,800,22,79.4,47.1,-0,0.01
2011,1,8,900,21.4,81.5,46.9,-0.1,0
2011,1,8,1000,21.4,78,46.8,0.1,0
2011,1,8,1100,19.5,69.7,46.9,0.2,0
2011,1,8,1200,18.9,81.7,46.7,0.2,0
2011,1,8,1300,16.4,87.8,46.9,-0.4,0.02
2011,1,8,1400,15.8,87.2,48,0.7,0.02
2011,1,8,1500,11.8,89.5,49.3,2.1,0.03
2011,1,8,1600,10.5,88.3,49.4,1.9,0.01
2011,1,8,1700,9.5,89.8,121.9,0,0
2011,1,8,1800,7.5,88.9,50.7,1.4,0.03
2011,1,8,1900,5.9,88.4,50.8,1.6,0.03
2011,1,8,2000,4.9,87.5,50.6,1.5,0
2011,1,8,2100,4.7,87.4,50.4,1.5,0
2011,1,8,2200,3.5,86.9,50.2,1.5,0
2011,1,8,2300,2.9,86.6,50.2,1.5,0
2011,1,9,0,2.7,86.6,50,1.3,0
2011,1,9,100,-0.3,83.9,49.9,0.9,0
2011,1,9,200,-2.1,84.3,49.7,1,0
2011,1,9,300,-0.5,86,49.8,1.2,0
2011,1,9,400,1,86.3,49.6,1.2,0
2011,1,9,500,0,84.9,49.4,1.2,0
2011,1,9,600,-1.2,84.1,49.4,1.2,0
2011,1,9,700,0.1,85.9,49.3,1.2,0
2011,1,9,800,1,85.9,49.2,1.2,0
2011,1,9,900,3.1,85.6,49.1,1.2,0
2011,1,9,1000,4.7,82.2,49.1,1.4,0
2011,1,9,1100,6.2,83.8,49,1.4,0
2011,1,9,1200,6.3,82.1,48.9,1.4,0
2011,1,9,1300,5.4,80.2,48.9,1.4,0.01
2011,1,9,1400,5,80,48.8,1.3,0
2011,1,9,1500,4.4,82.1,48.7,1.3,0
2011,1,9,1600,2.4,83.3,48.7,0.1,0
2011,1,9,1700,1.5,83.9,48.9,0,0
2011,1,9,1800,0.1,85.5,49,0.3,0.01
2011,1,9,1900,-2.8,84.6,48.9,0.2,0
2011,1,9,2000,-1,86.6,48.9,0.3,0
2011,1,9,2100,-1.2,85.6,48.7,0.2,0
2011,1,9,2200,-2,84.3,48.7,0.2,0
2011,1,9,2300,-3.3,83.8,48.7,0.3,0
2011,1,10,0,-5.4,83.9,48.5,0.1,0
2011,1,10,100,-6.7,83.1,48.7,0.4,0
2011,1,10,200,-8.7,82.6,48.8,0.4,0
2011,1,10,300,-7.2,82.8,48.6,0.4,0
2011,1,10,400,-8.2,81,48.6,0.5,0
2011,1,10,500,-7.8,81.8,48.8,0.7,0.01
2011,1,10,600,-8,80.8,48.7,0.7,0.01
2011,1,10,700,-8.7,81.6,48.7,0.8,0
2011,1,10,800,-9.9,80.1,48.6,0.8,0
2011,1,10,900,-9.9,79.8,48.7,0.9,0
2011,1,10,1000,-8.9,75.6,48.5,0.1,0.01
2011,1,10,1100,-8,75.3,48.3,-0,0
2011,1,10,1200,-6.6,75.7,48.4,-0.1,0
2011,1,10,1300,-4.3,74.1,48.1,-0.3,0
2011,1,10,1400,-5.4,75.7,48.3,-0.2,0
2011,1,10,1500,-8.6,77.7,48.2,-0,0
2011,1,10,1600,-10.8,79.6,48.3,0,0
2011,1,10,1700,-7.7,81.8,48.3,0.1,0
2011,1,10,1800,-6.8,81.2,48.3,0.1,0
2011,1,10,1900,-6.7,79.3,48.3,0.2,0
2011,1,10,2000,-6.3,80,48.2,0.1,0
2011,1,10,2100,-5.4,81.8,48.2,0.2,0
2011,1,10,2200,-4.7,81.8,48.1,0.2,0.01
2011,1,10,2300,-4.1,81.5,48,0.1,0
2011,1,10,2300,-4.1,81.5,48,0.1,NaN
2011,1,11,0,-4.4,81.6,48,0.1,0
2011,1,11,0,-4.4,81.6,48,0.1,NaN
2011,1,11,100,-3.8,82.2,47.9,0.1,0
2011,1,11,100,-3.8,82.2,47.9,0.1,NaN
2011,1,11,100,-3.8,82.2,47.9,0.1,NaN
2011,1,11,200,-3.9,83.2,48,0.2,0
2011,1,11,200,-3.9,83.2,48,0.2,NaN
2011,1,11,200,-3.9,83.2,48,0.2,NaN
2011,1,11,200,-3.9,83.2,48,0.2,NaN
2011,1,11,300,-3.3,83.3,47.9,0.2,0
2011,1,11,300,-3.3,83.3,47.9,0.2,NaN
2011,1,11,300,-3.3,83.3,47.9,0.2,NaN
2011,1,11,300,-3.3,83.3,47.9,0.2,NaN
2011,1,11,300,-3.3,83.3,47.9,0.2,NaN
2011,1,11,300,-3.3,83.3,47.9,0.2,NaN
2011,1,11,400,-2.6,83,47.8,0.1,0
2011,1,11,400,-2.6,83,47.8,0.1,NaN
2011,1,11,400,-2.6,83,47.8,0.1,NaN
2011,1,11,400,-2.6,83,47.8,0.1,NaN
2011,1,11,400,-2.6,83,47.8,0.1,NaN
2011,1,11,400,-2.6,83,47.8,0.1,NaN
2011,1,11,500,-2.1,82.5,47.8,0.2,0
2011,1,11,500,-2.1,82.5,47.8,0.2,NaN
2011,1,11,500,-2.1,82.5,47.8,0.2,NaN
2011,1,11,500,-2.1,82.5,47.8,0.2,NaN
2011,1,11,500,-2.1,82.5,47.8,0.2,NaN
2011,1,11,500,-2.1,82.5,47.8,0.2,NaN
2011,1,11,500,-2.1,82.5,47.8,0.2,NaN
2011,1,11,500,-2.1,82.5,47.8,0.2,NaN
2011,1,11,600,-2.2,83.5,47.8,0.2,0
2011,1,11,600,-2.2,83.5,47.8,0.2,NaN
2011,1,11,600,-2.2,83.5,47.8,0.2,NaN
2011,1,11,600,-2.2,83.5,47.8,0.2,NaN
2011,1,11,600,-2.2,83.5,47.8,0.2,NaN
2011,1,11,600,-2.2,83.5,47.8,0.2,NaN
2011,1,11,600,-2.2,83.5,47.8,0.2,NaN
2011,1,11,600,-2.2,83.5,47.8,0.2,NaN
2011,1,11,700,-3.3,84,47.7,0,0
2011,1,11,700,-3.3,84,47.7,0,NaN
2011,1,11,700,-3.3,84,47.7,0,NaN
2011,1,11,700,-3.3,84,47.7,0,NaN
2011,1,11,700,-3.3,84,47.7,0,NaN
2011,1,11,700,-3.3,84,47.7,0,NaN
2011,1,11,700,-3.3,84,47.7,0,NaN
2011,1,11,700,-3.3,84,47.7,0,NaN
2011,1,11,800,-6.3,83.5,47.8,0.1,0
2011,1,11,800,-6.3,83.5,47.8,0.1,NaN
2011,1,11,800,-6.3,83.5,47.8,0.1,NaN
2011,1,11,800,-6.3,83.5,47.8,0.1,NaN
2011,1,11,800,-6.3,83.5,47.8,0.1,NaN
2011,1,11,800,-6.3,83.5,47.8,0.1,NaN
2011,1,11,800,-6.3,83.5,47.8,0.1,NaN
2011,1,11,800,-6.3,83.5,47.8,0.1,NaN
2011,1,11,900,-6,83.2,47.6,0.1,0
2011,1,11,900,-6,83.2,47.6,0.1,NaN
2011,1,11,900,-6,83.2,47.6,0.1,NaN
2011,1,11,900,-6,83.2,47.6,0.1,NaN
2011,1,11,900,-6,83.2,47.6,0.1,NaN
2011,1,11,900,-6,83.2,47.6,0.1,NaN
2011,1,11,900,-6,83.2,47.6,0.1,NaN
2011,1,11,900,-6,83.2,47.6,0.1,NaN
2011,1,11,900,-6,83.2,47.6,0.1,NaN
2011,1,11,900,-6,83.2,47.6,0.1,NaN
2011,1,11,1000,-4.4,82.8,47.6,0.1,0
2011,1,11,1000,-4.4,82.8,47.6,0.1,NaN
2011,1,11,1000,-4.4,82.8,47.6,0.1,NaN
2011,1,11,1000,-4.4,82.8,47.6,0.1,NaN
2011,1,11,1000,-4.4,82.8,47.6,0.1,NaN
2011,1,11,1000,-4.4,82.8,47.6,0.1,NaN
2011,1,11,1000,-4.4,82.8,47.6,0.1,NaN
2011,1,11,1000,-4.4,82.8,47.6,0.1,NaN
2011,1,11,1000,-4.4,82.8,47.6,0.1,NaN
2011,1,11,1000,-4.4,82.8,47.6,0.1,NaN
2011,1,11,1100,-3.3,81.4,47.6,0.2,0
2011,1,11,1100,-3.3,81.4,47.6,0.2,NaN
2011,1,11,1100,-3.3,81.4,47.6,0.2,NaN
2011,1,11,1100,-3.3,81.4,47.6,0.2,NaN
2011,1,11,1100,-3.3,81.4,47.6,0.2,NaN
2011,1,11,1100,-3.3,81.4,47.6,0.2,NaN
2011,1,11,1100,-3.3,81.4,47.6,0.2,NaN
2011,1,11,1100,-3.3,81.4,47.6,0.2,NaN
2011,1,11,1100,-3.3,81.4,47.6,0.2,NaN
2011,1,11,1100,-3.3,81.4,47.6,0.2,NaN
2011,1,11,1200,-2.5,75,47.5,0.1,0
2011,1,11,1200,-2.5,75,47.5,0.1,NaN
2011,1,11,1200,-2.5,75,47.5,0.1,NaN
2011,1,11,1200,-2.5,75,47.5,0.1,NaN
2011,1,11,1200,-2.5,75,47.5,0.1,NaN
2011,1,11,1200,-2.5,75,47.5,0.1,NaN
2011,1,11,1200,-2.5,75,47.5,0.1,NaN
2011,1,11,1200,-2.5,75,47.5,0.1,NaN
2011,1,11,1200,-2.5,75,47.5,0.1,NaN
2011,1,11,1200,-2.5,75,47.5,0.1,NaN
2011,1,11,1300,-0.5,75.5,47.6,0.1,0
2011,1,11,1300,-0.5,75.5,47.6,0.1,NaN
2011,1,11,1300,-0.5,75.5,47.6,0.1,NaN
2011,1,11,1300,-0.5,75.5,47.6,0.1,NaN
2011,1,11,1300,-0.5,75.5,47.6,0.1,NaN
2011,1,11,1300,-0.5,75.5,47.6,0.1,NaN
2011,1,11,1300,-0.5,75.5,47.6,0.1,NaN
2011,1,11,1300,-0.5,75.5,47.6,0.1,NaN
2011,1,11,1300,-0.5,75.5,47.6,0.1,NaN
2011,1,11,1300,-0.5,75.5,47.6,0.1,NaN
2011,1,11,1400,-0.5,75.6,47.4,0.1,0
2011,1,11,1400,-0.5,75.6,47.4,0.1,NaN
2011,1,11,1400,-0.5,75.6,47.4,0.1,NaN
2011,1,11,1400,-0.5,75.6,47.4,0.1,NaN
2011,1,11,1400,-0.5,75.6,47.4,0.1,NaN
2011,1,11,1400,-0.5,75.6,47.4,0.1,NaN
2011,1,11,1400,-0.5,75.6,47.4,0.1,NaN
2011,1,11,1400,-0.5,75.6,47.4,0.1,NaN
2011,1,11,1400,-0.5,75.6,47.4,0.1,NaN
2011,1,11,1400,-0.5,75.6,47.4,0.1,NaN
2011,1,11,1500,1.1,68.6,47.4,0.1,0
2011,1,11,1500,1.1,68.6,47.4,0.1,NaN
2011,1,11,1500,1.1,68.6,47.4,0.1,NaN
2011,1,11,1500,1.1,68.6,47.4,0.1,NaN
2011,1,11,1500,1.1,68.6,47.4,0.1,NaN
2011,1,11,1500,1.1,68.6,47.4,0.1,NaN
2011,1,11,1500,1.1,68.6,47.4,0.1,NaN
2011,1,11,1500,1.1,68.6,47.4,0.1,NaN
2011,1,11,1500,1.1,68.6,47.4,0.1,NaN
2011,1,11,1500,1.1,68.6,47.4,0.1,NaN
2011,1,11,1600,2.2,70.7,47.4,0.1,0
2011,1,11,1600,2.2,70.7,47.4,0.1,NaN
2011,1,11,1600,2.2,70.7,47.4,0.1,NaN
2011,1,11,1600,2.2,70.7,47.4,0.1,NaN
2011,1,11,1600,2.2,70.7,47.4,0.1,NaN
2011,1,11,1600,2.2,70.7,47.4,0.1,NaN
2011,1,11,1600,2.2,70.7,47.4,0.1,NaN
2011,1,11,1600,2.2,70.7,47.4,0.1,NaN
2011,1,11,1600,2.2,70.7,47.4,0.1,NaN
2011,1,11,1600,2.2,70.7,47.4,0.1,NaN
2011,1,11,1700,2.3,73,47.4,0.1,0
2011,1,11,1700,2.3,73,47.4,0.1,NaN
2011,1,11,1700,2.3,73,47.4,0.1,NaN
2011,1,11,1700,2.3,73,47.4,0.1,NaN
2011,1,11,1700,2.3,73,47.4,0.1,NaN
2011,1,11,1700,2.3,73,47.4,0.1,NaN
2011,1,11,1700,2.3,73,47.4,0.1,NaN
2011,1,11,1700,2.3,73,47.4,0.1,NaN
2011,1,11,1700,2.3,73,47.4,0.1,NaN
2011,1,11,1700,2.3,73,47.4,0.1,NaN
2011,1,11,1800,6.2,49.2,47.6,0.1,0
2011,1,11,1800,6.2,49.2,47.6,0.1,NaN
2011,1,11,1800,6.2,49.2,47.6,0.1,NaN
2011,1,11,1800,6.2,49.2,47.6,0.1,NaN
2011,1,11,1800,6.2,49.2,47.6,0.1,NaN
2011,1,11,1800,6.2,49.2,47.6,0.1,NaN
2011,1,11,1800,6.2,49.2,47.6,0.1,NaN
2011,1,11,1800,6.2,49.2,47.6,0.1,NaN
2011,1,11,1800,6.2,49.2,47.6,0.1,NaN
2011,1,11,1800,6.2,49.2,47.6,0.1,NaN
2011,1,11,1900,6.5,51.4,47.3,0.1,0
2011,1,11,1900,6.5,51.4,47.3,0.1,NaN
2011,1,11,1900,6.5,51.4,47.3,0.1,NaN
2011,1,11,1900,6.5,51.4,47.3,0.1,NaN
2011,1,11,1900,6.5,51.4,47.3,0.1,NaN
2011,1,11,1900,6.5,51.4,47.3,0.1,NaN
2011,1,11,1900,6.5,51.4,47.3,0.1,NaN
2011,1,11,1900,6.5,51.4,47.3,0.1,NaN
2011,1,11,1900,6.5,51.4,47.3,0.1,NaN
2011,1,11,1900,6.5,51.4,47.3,0.1,NaN
2011,1,11,2000,6.9,52.7,47.2,0.2,0
2011,1,11,2000,6.9,52.7,47.2,0.2,NaN
2011,1,11,2000,6.9,52.7,47.2,0.2,NaN
2011,1,11,2000,6.9,52.7,47.2,0.2,NaN
2011,1,11,2000,6.9,52.7,47.2,0.2,NaN
2011,1,11,2000,6.9,52.7,47.2,0.2,NaN
2011,1,11,2000,6.9,52.7,47.2,0.2,NaN
2011,1,11,2000,6.9,52.7,47.2,0.2,NaN
2011,1,11,2000,6.9,52.7,47.2,0.2,NaN
2011,1,11,2000,6.9,52.7,47.2,0.2,NaN
2011,1,11,2100,10.1,46.4,47.2,0.2,0
2011,1,11,2100,10.1,46.4,47.2,0.2,NaN
2011,1,11,2100,10.1,46.4,47.2,0.2,NaN
2011,1,11,2100,10.1,46.4,47.2,0.2,NaN
2011,1,11,2100,10.1,46.4,47.2,0.2,NaN
2011,1,11,2100,10.1,46.4,47.2,0.2,NaN
2011,1,11,2100,10.1,46.4,47.2,0.2,NaN
2011,1,11,2100,10.1,46.4,47.2,0.2,NaN
2011,1,11,2100,10.1,46.4,47.2,0.2,NaN
2011,1,11,2100,10.1,46.4,47.2,0.2,NaN
2011,1,11,2200,11.6,46.8,47.2,0.1,0
2011,1,11,2200,11.6,46.8,47.2,0.1,NaN
2011,1,11,2200,11.6,46.8,47.2,0.1,NaN
2011,1,11,2200,11.6,46.8,47.2,0.1,NaN
2011,1,11,2200,11.6,46.8,47.2,0.1,NaN
2011,1,11,2200,11.6,46.8,47.2,0.1,NaN
2011,1,11,2200,11.6,46.8,47.2,0.1,NaN
2011,1,11,2200,11.6,46.8,47.2,0.1,NaN
2011,1,11,2200,11.6,46.8,47.2,0.1,NaN
2011,1,11,2200,11.6,46.8,47.2,0.1,NaN
2011,1,11,2300,12.2,34.2,47.1,0.1,0
2011,1,11,2300,12.2,34.2,47.1,0.1,NaN
2011,1,11,2300,12.2,34.2,47.1,0.1,NaN
2011,1,11,2300,12.2,34.2,47.1,0.1,NaN
2011,1,11,2300,12.2,34.2,47.1,0.1,NaN
2011,1,11,2300,12.2,34.2,47.1,0.1,NaN
2011,1,11,2300,12.2,34.2,47.1,0.1,NaN
2011,1,11,2300,12.2,34.2,47.1,0.1,NaN
2011,1,11,2300,12.2,34.2,47.1,0.1,NaN
2011,1,11,2300,12.2,34.2,47.1,0.1,NaN
2011,1,12,0,11.3,34.3,47.1,0.1,0
2011,1,12,0,11.3,34.3,47.1,0.1,NaN
2011,1,12,0,11.3,34.3,47.1,0.1,NaN
2011,1,12,0,11.3,34.3,47.1,0.1,NaN
2011,1,12,0,11.3,34.3,47.1,0.1,NaN
2011,1,12,0,11.3,34.3,47.1,0.1,NaN
2011,1,12,0,11.3,34.3,47.1,0.1,NaN
2011,1,12,0,11.3,34.3,47.1,0.1,NaN
2011,1,12,0,11.3,34.3,47.1,0.1,NaN
2011,1,12,0,11.3,34.3,47.1,0.1,NaN
2011,1,12,100,14.3,45.7,47.2,0.1,0
2011,1,12,100,14.3,45.7,47.2,0.1,NaN
2011,1,12,100,14.3,45.7,47.2,0.1,NaN
2011,1,12,100,14.3,45.7,47.2,0.1,NaN
2011,1,12,100,14.3,45.7,47.2,0.1,NaN
2011,1,12,100,14.3,45.7,47.2,0.1,NaN
2011,1,12,100,14.3,45.7,47.2,0.1,NaN
2011,1,12,100,14.3,45.7,47.2,0.1,NaN
2011,1,12,100,14.3,45.7,47.2,0.1,NaN
2011,1,12,100,14.3,45.7,47.2,0.1,NaN
2011,1,12,200,15.3,54.4,47.1,0.1,0
2011,1,12,200,15.3,54.4,47.1,0.1,NaN
2011,1,12,200,15.3,54.4,47.1,0.1,NaN
2011,1,12,200,15.3,54.4,47.1,0.1,NaN
2011,1,12,200,15.3,54.4,47.1,0.1,NaN
2011,1,12,200,15.3,54.4,47.1,0.1,NaN
2011,1,12,200,15.3,54.4,47.1,0.1,NaN
2011,1,12,200,15.3,54.4,47.1,0.1,NaN
2011,1,12,200,15.3,54.4,47.1,0.1,NaN
2011,1,12,200,15.3,54.4,47.1,0.1,NaN
2011,1,12,300,12.3,67.5,47.1,0.1,0
2011,1,12,300,12.3,67.5,47.1,0.1,NaN
2011,1,12,300,12.3,67.5,47.1,0.1,NaN
2011,1,12,300,12.3,67.5,47.1,0.1,NaN
2011,1,12,300,12.3,67.5,47.1,0.1,NaN
2011,1,12,300,12.3,67.5,47.1,0.1,NaN
2011,1,12,300,12.3,67.5,47.1,0.1,NaN
2011,1,12,300,12.3,67.5,47.1,0.1,NaN
2011,1,12,300,12.3,67.5,47.1,0.1,NaN
2011,1,12,300,12.3,67.5,47.1,0.1,NaN
2011,1,12,400,12.3,82.2,46.9,0.1,0
2011,1,12,400,12.3,82.2,46.9,0.1,NaN
2011,1,12,400,12.3,82.2,46.9,0.1,NaN
2011,1,12,400,12.3,82.2,46.9,0.1,NaN
2011,1,12,400,12.3,82.2,46.9,0.1,NaN
2011,1,12,400,12.3,82.2,46.9,0.1,NaN
2011,1,12,400,12.3,82.2,46.9,0.1,NaN
2011,1,12,400,12.3,82.2,46.9,0.1,NaN
2011,1,12,400,12.3,82.2,46.9,0.1,NaN
2011,1,12,400,12.3,82.2,46.9,0.1,NaN
2011,1,12,500,14.2,83.4,46.9,0.1,0
2011,1,12,500,14.2,83.4,46.9,0.1,NaN
2011,1,12,500,14.2,83.4,46.9,0.1,NaN
2011,1,12,500,14.2,83.4,46.9,0.1,NaN
2011,1,12,500,14.2,83.4,46.9,0.1,NaN
2011,1,12,500,14.2,83.4,46.9,0.1,NaN
2011,1,12,500,14.2,83.4,46.9,0.1,NaN
2011,1,12,500,14.2,83.4,46.9,0.1,NaN
2011,1,12,500,14.2,83.4,46.9,0.1,NaN
2011,1,12,500,14.2,83.4,46.9,0.1,NaN
2011,1,12,600,15.5,82.9,46.9,0.2,0
2011,1,12,600,15.5,82.9,46.9,0.2,NaN
2011,1,12,600,15.5,82.9,46.9,0.2,NaN
2011,1,12,600,15.5,82.9,46.9,0.2,NaN
2011,1,12,600,15.5,82.9,46.9,0.2,NaN
2011,1,12,600,15.5,82.9,46.9,0.2,NaN
2011,1,12,600,15.5,82.9,46.9,0.2,NaN
2011,1,12,600,15.5,82.9,46.9,0.2,NaN
2011,1,12,600,15.5,82.9,46.9,0.2,NaN
2011,1,12,600,15.5,82.9,46.9,0.2,NaN
2011,1,12,700,19.5,81.9,46.8,0.2,0
2011,1,12,700,19.5,81.9,46.8,0.2,NaN
2011,1,12,700,19.5,81.9,46.8,0.2,NaN
2011,1,12,700,19.5,81.9,46.8,0.2,NaN
2011,1,12,700,19.5,81.9,46.8,0.2,NaN
2011,1,12,700,19.5,81.9,46.8,0.2,NaN
2011,1,12,700,19.5,81.9,46.8,0.2,NaN
2011,1,12,700,19.5,81.9,46.8,0.2,NaN
2011,1,12,700,19.5,81.9,46.8,0.2,NaN
2011,1,12,700,19.5,81.9,46.8,0.2,NaN
2011,1,12,800,23.7,75.8,46.8,0.1,0
2011,1,12,800,23.7,75.8,46.8,0.1,NaN
2011,1,12,800,23.7,75.8,46.8,0.1,NaN
2011,1,12,800,23.7,75.8,46.8,0.1,NaN
2011,1,12,800,23.7,75.8,46.8,0.1,NaN
2011,1,12,800,23.7,75.8,46.8,0.1,NaN
2011,1,12,800,23.7,75.8,46.8,0.1,NaN
2011,1,12,800,23.7,75.8,46.8,0.1,NaN
2011,1,12,800,23.7,75.8,46.8,0.1,NaN
2011,1,12,800,23.7,75.8,46.8,0.1,NaN
2011,1,12,900,18.9,82.1,46.7,0.1,0
2011,1,12,900,18.9,82.1,46.7,0.1,NaN
2011,1,12,900,18.9,82.1,46.7,0.1,NaN
2011,1,12,900,18.9,82.1,46.7,0.1,NaN
2011,1,12,900,18.9,82.1,46.7,0.1,NaN
2011,1,12,900,18.9,82.1,46.7,0.1,NaN
2011,1,12,900,18.9,82.1,46.7,0.1,NaN
2011,1,12,900,18.9,82.1,46.7,0.1,NaN
2011,1,12,900,18.9,82.1,46.7,0.1,NaN
2011,1,12,900,18.9,82.1,46.7,0.1,NaN
2011,1,12,1000,21.1,78.3,46.6,0.1,0
2011,1,12,1000,21.1,78.3,46.6,0.1,NaN
2011,1,12,1000,21.1,78.3,46.6,0.1,NaN
2011,1,12,1000,21.1,78.3,46.6,0.1,NaN
2011,1,12,1000,21.1,78.3,46.6,0.1,NaN
2011,1,12,1000,21.1,78.3,46.6,0.1,NaN
2011,1,12,1000,21.1,78.3,46.6,0.1,NaN
2011,1,12,1000,21.1,78.3,46.6,0.1,NaN
2011,1,12,1000,21.1,78.3,46.6,0.1,NaN
2011,1,12,1000,21.1,78.3,46.6,0.1,NaN
2011,1,12,1100,22.5,80.5,46.6,0.1,0
2011,1,12,1100,22.5,80.5,46.6,0.1,NaN
2011,1,12,1100,22.5,80.5,46.6,0.1,NaN
2011,1,12,1100,22.5,80.5,46.6,0.1,NaN
2011,1,12,1100,22.5,80.5,46.6,0.1,NaN
2011,1,12,1100,22.5,80.5,46.6,0.1,NaN
2011,1,12,1100,22.5,80.5,46.6,0.1,NaN
2011,1,12,1100,22.5,80.5,46.6,0.1,NaN
2011,1,12,1100,22.5,80.5,46.6,0.1,NaN
2011,1,12,1100,22.5,80.5,46.6,0.1,NaN
2011,1,12,1200,21.5,86.2,46.6,0.2,0
2011,1,12,1200,21.5,86.2,46.6,0.2,NaN
2011,1,12,1200,21.5,86.2,46.6,0.2,NaN
2011,1,12,1200,21.5,86.2,46.6,0.2,NaN
2011,1,12,1200,21.5,86.2,46.6,0.2,NaN
2011,1,12,1200,21.5,86.2,46.6,0.2,NaN
2011,1,12,1200,21.5,86.2,46.6,0.2,NaN
2011,1,12,1200,21.5,86.2,46.6,0.2,NaN
2011,1,12,1200,21.5,86.2,46.6,0.2,NaN
2011,1,12,1200,21.5,86.2,46.6,0.2,NaN
2011,1,12,1300,22.9,83.2,46.6,0.3,0
2011,1,12,1300,22.9,83.2,46.6,0.3,NaN
2011,1,12,1300,22.9,83.2,46.6,0.3,NaN
2011,1,12,1300,22.9,83.2,46.6,0.3,NaN
2011,1,12,1300,22.9,83.2,46.6,0.3,NaN
2011,1,12,1300,22.9,83.2,46.6,0.3,NaN
2011,1,12,1300,22.9,83.2,46.6,0.3,NaN
2011,1,12,1300,22.9,83.2,46.6,0.3,NaN
2011,1,12,1300,22.9,83.2,46.6,0.3,NaN
2011,1,12,1300,22.9,83.2,46.6,0.3,NaN
2011,1,12,1400,25,76.2,46.5,0.4,0
2011,1,12,1400,25,76.2,46.5,0.4,NaN
2011,1,12,1400,25,76.2,46.5,0.4,NaN
2011,1,12,1400,25,76.2,46.5,0.4,NaN
2011,1,12,1400,25,76.2,46.5,0.4,NaN
2011,1,12,1400,25,76.2,46.5,0.4,NaN
2011,1,12,1400,25,76.2,46.5,0.4,NaN
2011,1,12,1400,25,76.2,46.5,0.4,NaN
2011,1,12,1400,25,76.2,46.5,0.4,NaN
2011,1,12,1400,25,76.2,46.5,0.4,NaN
2011,1,12,1500,24.9,75.6,46.5,0.4,0
2011,1,12,1500,24.9,75.6,46.5,0.4,NaN
2011,1,12,1500,24.9,75.6,46.5,0.4,NaN
2011,1,12,1500,24.9,75.6,46.5,0.4,NaN
2011,1,12,1500,24.9,75.6,46.5,0.4,NaN
2011,1,12,1500,24.9,75.6,46.5,0.4,NaN
2011,1,12,1500,24.9,75.6,46.5,0.4,NaN
2011,1,12,1500,24.9,75.6,46.5,0.4,NaN
2011,1,12,1500,24.9,75.6,46.5,0.4,NaN
2011,1,12,1500,24.9,75.6,46.5,0.4,NaN
2011,1,12,1600,24,78.4,46.5,0.4,0
2011,1,12,1600,24,78.4,46.5,0.4,NaN
2011,1,12,1600,24,78.4,46.5,0.4,NaN
2011,1,12,1600,24,78.4,46.5,0.4,NaN
2011,1,12,1600,24,78.4,46.5,0.4,NaN
2011,1,12,1600,24,78.4,46.5,0.4,NaN
2011,1,12,1600,24,78.4,46.5,0.4,NaN
2011,1,12,1600,24,78.4,46.5,0.4,NaN
2011,1,12,1600,24,78.4,46.5,0.4,NaN
2011,1,12,1600,24,78.4,46.5,0.4,NaN
2011,1,12,1700,23.8,80,46.5,0.2,0
2011,1,12,1700,23.8,80,46.5,0.2,NaN
2011,1,12,1700,23.8,80,46.5,0.2,NaN
2011,1,12,1700,23.8,80,46.5,0.2,NaN
2011,1,12,1700,23.8,80,46.5,0.2,NaN
2011,1,12,1700,23.8,80,46.5,0.2,NaN
2011,1,12,1700,23.8,80,46.5,0.2,NaN
2011,1,12,1700,23.8,80,46.5,0.2,NaN
2011,1,12,1700,23.8,80,46.5,0.2,NaN
2011,1,12,1700,23.8,80,46.5,0.2,NaN
2011,1,12,1800,23.5,83.7,46.4,0.2,0
2011,1,12,1800,23.5,83.7,46.4,0.2,NaN
2011,1,12,1800,23.5,83.7,46.4,0.2,NaN
2011,1,12,1800,23.5,83.7,46.4,0.2,NaN
2011,1,12,1800,23.5,83.7,46.4,0.2,NaN
2011,1,12,1800,23.5,83.7,46.4,0.2,NaN
2011,1,12,1800,23.5,83.7,46.4,0.2,NaN
2011,1,12,1800,23.5,83.7,46.4,0.2,NaN
2011,1,12,1800,23.5,83.7,46.4,0.2,NaN
2011,1,12,1800,23.5,83.7,46.4,0.2,NaN
2011,1,12,1900,23.2,82.8,46.4,0.2,0
2011,1,12,1900,23.2,82.8,46.4,0.2,NaN
2011,1,12,1900,23.2,82.8,46.4,0.2,NaN
2011,1,12,1900,23.2,82.8,46.4,0.2,NaN
2011,1,12,1900,23.2,82.8,46.4,0.2,NaN
2011,1,12,1900,23.2,82.8,46.4,0.2,NaN
2011,1,12,1900,23.2,82.8,46.4,0.2,NaN
2011,1,12,1900,23.2,82.8,46.4,0.2,NaN
2011,1,12,1900,23.2,82.8,46.4,0.2,NaN
2011,1,12,1900,23.2,82.8,46.4,0.2,NaN
2011,1,12,2000,23.6,83,46.3,0.4,0
2011,1,12,2000,23.6,83,46.3,0.4,NaN
2011,1,12,2000,23.6,83,46.3,0.4,NaN
2011,1,12,2000,23.6,83,46.3,0.4,NaN
2011,1,12,2000,23.6,83,46.3,0.4,NaN
2011,1,12,2000,23.6,83,46.3,0.4,NaN
2011,1,12,2000,23.6,83,46.3,0.4,NaN
2011,1,12,2000,23.6,83,46.3,0.4,NaN
2011,1,12,2000,23.6,83,46.3,0.4,NaN
2011,1,12,2000,23.6,83,46.3,0.4,NaN
2011,1,12,2100,23.2,84.1,46.3,0.7,0
2011,1,12,2100,23.2,84.1,46.3,0.7,NaN
2011,1,12,2100,23.2,84.1,46.3,0.7,NaN
2011,1,12,2100,23.2,84.1,46.3,0.7,NaN
2011,1,12,2100,23.2,84.1,46.3,0.7,NaN
2011,1,12,2100,23.2,84.1,46.3,0.7,NaN
2011,1,12,2100,23.2,84.1,46.3,0.7,NaN
2011,1,12,2100,23.2,84.1,46.3,0.7,NaN
2011,1,12,2100,23.2,84.1,46.3,0.7,NaN
2011,1,12,2100,23.2,84.1,46.3,0.7,NaN
2011,1,12,2200,24.6,80.2,46.3,0.7,0
2011,1,12,2200,24.6,80.2,46.3,0.7,NaN
2011,1,12,2200,24.6,80.2,46.3,0.7,NaN
2011,1,12,2200,24.6,80.2,46.3,0.7,NaN
2011,1,12,2200,24.6,80.2,46.3,0.7,NaN
2011,1,12,2200,24.6,80.2,46.3,0.7,NaN
2011,1,12,2200,24.6,80.2,46.3,0.7,NaN
2011,1,12,2200,24.6,80.2,46.3,0.7,NaN
2011,1,12,2200,24.6,80.2,46.3,0.7,NaN
2011,1,12,2200,24.6,80.2,46.3,0.7,NaN
2011,1,12,2300,23.9,82.7,46.3,0.8,0
2011,1,12,2300,23.9,82.7,46.3,0.8,NaN
2011,1,12,2300,23.9,82.7,46.3,0.8,NaN
2011,1,12,2300,23.9,82.7,46.3,0.8,NaN
2011,1,12,2300,23.9,82.7,46.3,0.8,NaN
2011,1,12,2300,23.9,82.7,46.3,0.8,NaN
2011,1,12,2300,23.9,82.7,46.3,0.8,NaN
2011,1,12,2300,23.9,82.7,46.3,0.8,NaN
2011,1,12,2300,23.9,82.7,46.3,0.8,NaN
2011,1,12,2300,23.9,82.7,46.3,0.8,NaN
2011,1,13,0,23.9,83.4,46.2,1,0
2011,1,13,0,23.9,83.4,46.2,1,NaN
2011,1,13,0,23.9,83.4,46.2,1,NaN
2011,1,13,0,23.9,83.4,46.2,1,NaN
2011,1,13,0,23.9,83.4,46.2,1,NaN
2011,1,13,0,23.9,83.4,46.2,1,NaN
2011,1,13,0,23.9,83.4,46.2,1,NaN
2011,1,13,0,23.9,83.4,46.2,1,NaN
2011,1,13,0,23.9,83.4,46.2,1,NaN
2011,1,13,100,24.1,82.4,46.2,1.2,0
2011,1,13,100,24.1,82.4,46.2,1.2,NaN
2011,1,13,100,24.1,82.4,46.2,1.2,NaN
2011,1,13,100,24.1,82.4,46.2,1.2,NaN
2011,1,13,100,24.1,82.4,46.2,1.2,NaN
2011,1,13,100,24.1,82.4,46.2,1.2,NaN
2011,1,13,100,24.1,82.4,46.2,1.2,NaN
2011,1,13,100,24.1,82.4,46.2,1.2,NaN
2011,1,13,100,24.1,82.4,46.2,1.2,NaN
2011,1,13,200,24.6,80.3,46.1,1.6,0
2011,1,13,200,24.6,80.3,46.1,1.6,NaN
2011,1,13,200,24.6,80.3,46.1,1.6,NaN
2011,1,13,200,24.6,80.3,46.1,1.6,NaN
2011,1,13,200,24.6,80.3,46.1,1.6,NaN
2011,1,13,200,24.6,80.3,46.1,1.6,NaN
2011,1,13,200,24.6,80.3,46.1,1.6,NaN
2011,1,13,200,24.6,80.3,46.1,1.6,NaN
2011,1,13,300,24.8,79.7,46.1,1.6,0
2011,1,13,300,24.8,79.7,46.1,1.6,NaN
2011,1,13,300,24.8,79.7,46.1,1.6,NaN
2011,1,13,300,24.8,79.7,46.1,1.6,NaN
2011,1,13,300,24.8,79.7,46.1,1.6,NaN
2011,1,13,300,24.8,79.7,46.1,1.6,NaN
2011,1,13,300,24.8,79.7,46.1,1.6,NaN
2011,1,13,400,25.2,79.5,46,1.6,0
2011,1,13,400,25.2,79.5,46,1.6,NaN
2011,1,13,400,25.2,79.5,46,1.6,NaN
2011,1,13,400,25.2,79.5,46,1.6,NaN
2011,1,13,400,25.2,79.5,46,1.6,NaN
2011,1,13,500,26.1,75.2,46,1.6,0
2011,1,13,500,26.1,75.2,46,1.6,NaN
2011,1,13,500,26.1,75.2,46,1.6,NaN
2011,1,13,500,26.1,75.2,46,1.6,NaN
2011,1,13,500,26.1,75.2,46,1.6,NaN
2011,1,13,600,26.2,74.1,46,1.6,0
2011,1,13,600,26.2,74.1,46,1.6,NaN
2011,1,13,600,26.2,74.1,46,1.6,NaN
2011,1,13,700,26.5,75.7,45.9,1.6,0
2011,1,13,700,26.5,75.7,45.9,1.6,NaN
2011,1,13,700,26.5,75.7,45.9,1.6,NaN
2011,1,13,800,27.6,73.3,45.8,1.6,0
2011,1,13,800,27.6,73.3,45.8,1.6,NaN
2011,1,13,800,27.6,73.3,45.8,1.6,NaN
2011,1,13,900,27.6,73.7,45.8,1.6,0
2011,1,13,900,27.6,73.7,45.8,1.6,NaN
2011,1,13,900,27.6,73.7,45.8,1.6,NaN
2011,1,13,1000,28.6,71.9,45.7,1.6,0
2011,1,13,1100,28.3,75.2,45.7,1.6,0.01
2011,1,13,1200,27.7,76.7,45.7,1.6,0
2011,1,13,1300,30.2,68.8,45.6,1.5,0
2011,1,13,1400,29.1,70.8,45.7,1.6,0
2011,1,13,1500,28.9,71.5,45.6,1.6,0
2011,1,13,1600,27.7,79.8,45.6,1.6,0
2011,1,13,1700,25.4,89.5,45.6,0.2,0
2011,1,13,1800,25.8,88.1,45.8,0.2,0.03
2011,1,13,1900,25.5,89.9,45.9,0.4,0.01
2011,1,13,2000,25.7,85.9,45.8,0.3,0
2011,1,13,2100,25.7,85.2,45.7,0.3,0
2011,1,13,2200,25.5,84.3,45.7,0.3,0
2011,1,13,2300,25.4,84.5,45.7,0.3,0
2011,1,14,0,24.9,86.2,45.7,0.3,0
2011,1,14,100,25.2,83.6,45.6,0.3,0
2011,1,14,200,25.5,82.6,45.6,0.3,0
2011,1,14,300,25.9,83.1,45.6,0.6,0
2011,1,14,400,25.4,85.7,45.6,0.5,0
2011,1,14,500,25.9,81.6,45.5,0.6,0
2011,1,14,600,25.7,81.3,45.5,0.5,0
2011,1,14,700,25.8,79.3,45.4,0.5,0
2011,1,14,800,25.7,79.4,45.4,0.5,0
2011,1,14,900,26,77.5,45.4,0.5,0
2011,1,14,1000,27.1,75.2,45.2,0.5,0
2011,1,14,1100,27.8,74.2,45.2,0.5,0
2011,1,14,1200,28.4,68.7,45.1,0.5,0
2011,1,14,1300,28.4,68.3,45.1,0.4,0
2011,1,14,1400,27.2,70.8,45.2,0.5,0
2011,1,14,1500,27.4,70.4,45,0.5,0
2011,1,14,1600,26.6,75.5,45.1,0.5,0
2011,1,14,1700,26.6,77.9,45.1,0.2,0
2011,1,14,1800,26.6,79.2,45,0.2,0
2011,1,14,1900,28,78.9,45,0.2,0
2011,1,14,2000,28.2,79.3,45,0.2,0
2011,1,14,2100,28.6,81.5,45,0.2,0
2011,1,14,2200,29.3,81.6,44.8,0.2,0
2011,1,14,2300,29.4,76.9,44.9,0.2,0
2011,1,15,0,29.3,77.4,44.8,0.2,0
2011,1,15,100,29,75.9,44.8,0.2,0
2011,1,15,200,28.2,76.3,44.8,0.2,0
2011,1,15,300,27.8,71,44.8,0.2,0
2011,1,15,400,26.9,73.6,44.7,0.2,0
2011,1,15,500,25.7,74.5,44.8,0.2,0
2011,1,15,600,25.5,69.5,44.7,0.2,0
2011,1,15,700,25.1,71,44.7,0.2,0
2011,1,15,800,24.8,69.7,44.6,0.2,0
2011,1,15,900,24.7,69.6,44.6,0.2,0
2011,1,15,1000,25.7,66.3,44.5,0.1,0
2011,1,15,1100,26.6,62.6,44.5,0.1,0
2011,1,15,1200,27.3,61.5,44.5,0.2,0
2011,1,15,1300,25.3,79.9,44.5,0.1,0
2011,1,15,1400,24.6,83.3,44.6,0.2,0.01
2011,1,15,1500,24.5,80.2,44.6,0.2,0
2011,1,15,1600,24.3,82.3,44.6,0.2,0
2011,1,15,1700,23.7,74.4,44.5,0.1,0
2011,1,15,1800,23.4,73.3,44.5,0.2,0
2011,1,15,1900,23.1,69.1,44.5,0.2,0
2011,1,15,2000,23.1,69.2,44.4,0.1,0
2011,1,15,2100,23.4,68.4,44.4,0.2,0
2011,1,15,2200,23.4,65.9,44.4,0.2,0
2011,1,15,2300,23.5,64.7,44.4,0.2,0
2011,1,16,0,25.7,57,44.5,0.2,0
2011,1,16,100,22.1,91.2,44.8,0.4,0.02
2011,1,16,200,21.9,92.7,45.2,0.9,0.05
2011,1,16,300,22.5,94.4,45.3,1,0.01
2011,1,16,400,25.3,92.7,45.3,1.1,0.01
2011,1,16,500,25.9,92.8,45.4,1.1,0.01
2011,1,16,600,25.9,93.3,45.4,1.1,0
2011,1,16,700,26.9,89.9,45.5,1.2,0
2011,1,16,800,28.1,89.8,45.5,1.2,0.01
2011,1,16,900,28,92.2,45.4,1.2,0
2011,1,16,1000,27.9,94.8,45.3,1.1,0
2011,1,16,1100,29.7,93.5,45.6,1.3,0.02
2011,1,16,1200,30.7,93.9,45.7,1.6,0.01
2011,1,16,1300,30.5,96.7,46,1.6,0.06
2011,1,16,1400,30.4,97.5,45.9,1.7,0
2011,1,16,1500,30.6,97.9,46.1,1.9,0
2011,1,16,1600,30.5,98,46.1,2,0
2011,1,16,1700,30.3,98.2,45.8,0.2,0.01
2011,1,16,1800,30.4,98.3,46.1,0.2,0
2011,1,16,1900,30.8,98,46,0.2,0
2011,1,16,2000,30.4,97.8,45.9,0.2,0
2011,1,16,2100,30.7,96.7,45.9,0.2,0
2011,1,16,2200,30.9,94.3,45.9,0.2,0
2011,1,16,2300,30.1,94.3,45.9,0.2,0
2011,1,17,0,29.5,94.5,45.9,0.2,0
2011,1,17,100,28.9,90.7,45.9,0.2,0
2011,1,17,200,27.7,85.4,45.9,0.2,0
2011,1,17,300,27.3,88.5,45.8,0.2,0
2011,1,17,400,26.8,83.8,45.8,0.2,0
2011,1,17,500,26.3,81.4,45.7,0.2,0
2011,1,17,600,26.4,80.4,45.7,0.2,0
2011,1,17,700,26.3,80.1,45.7,0.2,0
2011,1,17,800,26.1,81.8,45.7,0.2,0
2011,1,17,900,26.1,80.5,45.6,0.2,0
2011,1,17,1000,25.5,82,45.6,0.2,0.01
2011,1,17,1100,25.4,82.7,45.5,0.2,0.01
2011,1,17,1200,25.1,91.4,45.7,0.2,0.04
2011,1,17,1300,26.3,95.3,46.8,1.1,0.07
2011,1,17,1400,25.7,96.3,47.2,1.3,0.02
2011,1,17,1500,25.6,96.3,47.4,1.4,0.03
2011,1,17,1600,25.1,96.6,47.7,1.6,0.05
2011,1,17,1700,24.3,96.5,47.9,0.2,0.01
2011,1,17,1800,22.6,95.9,48,0.6,0
2011,1,17,1900,22.8,96,47.8,0.9,0
2011,1,17,2000,22.3,95.8,47.8,1.1,0
2011,1,17,2100,21.9,95.6,48,1.4,0.01
2011,1,17,2200,21.2,95.6,48.1,1.6,0.03
2011,1,17,2300,20.9,95.3,48,1.5,0.01
2011,1,18,0,20.1,95.2,48.1,1.5,0
2011,1,18,100,19.5,94.9,48,1.5,0
2011,1,18,200,18.9,94.7,48,1.7,0
2011,1,18,300,18,94.3,47.9,1.8,0
2011,1,18,400,17.6,94.4,47.9,2.1,0
2011,1,18,500,17.8,94.3,47.8,2.2,0
2011,1,18,600,16.6,93.8,47.6,2.2,0
2011,1,18,700,16.1,93.5,47.6,2.1,0
2011,1,18,800,15.7,93.3,47.6,2.2,0
2011,1,18,900,16.6,93.7,47.6,2.1,0
2011,1,18,1000,16.6,93.2,47.5,2.1,0
2011,1,18,1100,16.9,92.9,47.6,2.1,0
2011,1,18,1200,17.4,92.2,47.5,2.1,0
2011,1,18,1300,20,92.1,47.5,2.1,0
2011,1,18,1400,18.7,90.5,47.6,2.1,0
2011,1,18,1500,18,91.1,47.5,2,0
2011,1,18,1600,18,92.1,47.3,1.9,0
2011,1,18,1700,16.7,93.1,47.6,0.2,0.02
2011,1,18,1800,16.2,92.4,48,0.6,0.02
2011,1,18,1900,16.2,93,47.9,0.6,0
2011,1,18,2000,15.9,93.1,48.1,0.8,0.01
2011,1,18,2100,16,93.1,48.2,0.9,0.01
2011,1,18,2200,15.6,93.1,48.4,1.2,0.02
2011,1,18,2300,15.4,93.1,48.8,1.6,0.01
2011,1,19,0,15.4,93.2,49,2.4,0.03
2011,1,19,100,15.3,92.9,51.3,4.7,0.12
2011,1,19,200,13.8,92.2,53.5,6.9,0.13
2011,1,19,300,12.6,92.1,53.6,7.1,0.02
2011,1,19,400,12.9,92,53.8,7.4,0.03
2011,1,19,500,12.6,92,53.6,7.3,0
2011,1,19,600,11.7,91.7,53.3,7.3,0
2011,1,19,700,11.8,91.9,53.5,6.9,0
2011,1,19,800,11.5,91.7,54,7,0.03
2011,1,19,900,11.8,91.6,53.7,6.9,0
2011,1,19,1000,12.8,91.1,53,7.1,0
2011,1,19,1100,14.2,90.8,54.7,7.1,0.02
2011,1,19,1200,14.1,91,54.9,8.5,0.02
2011,1,19,1300,13.7,90.4,54.8,8.5,0
2011,1,19,1400,12.3,89.5,54.6,8.4,0
2011,1,19,1500,6.9,88.2,54.7,8.4,0
2011,1,19,1600,5.6,88.1,54.6,8.2,0
2011,1,19,1700,4.5,87.9,54.6,0.1,0
2011,1,19,1800,3.9,88.2,54.6,0.2,0
2011,1,19,1900,3.6,87.9,54.4,0.2,0
2011,1,19,2000,3.8,87.7,54.3,0.1,0
2011,1,19,2100,3.3,88.4,54.4,0.2,0
2011,1,19,2200,4,88,53.9,0.2,0
2011,1,19,2300,2.6,87.4,53.8,0.1,0
2011,1,20,0,1.7,87.6,53.8,0.1,0
2011,1,20,100,1.5,86.9,53.5,0.1,0
2011,1,20,200,1.7,86.8,53.6,0.1,0
2011,1,20,300,1.5,86.4,53.2,0.1,0
2011,1,20,400,1.4,86,53.5,0.1,0
2011,1,20,500,1.1,86.4,53.4,0.2,0
2011,1,20,600,3.3,85.1,53.4,0.2,0
2011,1,20,700,0.2,85.6,53.2,0.1,0
2011,1,20,800,1.3,86.1,53.4,0.3,0
2011,1,20,900,3.8,85.9,53.2,0.2,0
2011,1,20,1000,9.7,84.6,53,0.1,0
2011,1,20,1100,10.4,82.9,53.1,0.2,0
2011,1,20,1200,13.4,85.4,52.8,0.1,0
2011,1,20,1300,13.6,80.8,52.8,0.2,0
2011,1,20,1400,14.6,87.1,52.8,0.2,0
2011,1,20,1500,16.8,88.2,52.6,0.2,0
2011,1,20,1600,17.4,90,52.6,0.2,0
2011,1,20,1700,18.4,91.1,52.6,0.2,0
2011,1,20,1800,18.4,91.6,52.6,0.2,0
2011,1,20,1900,18.9,91.8,52.5,0.2,0
2011,1,20,2000,19.2,93.1,52.4,0.2,0
2011,1,20,2100,19.1,94,52.5,0.2,0.02
2011,1,20,2200,18.8,94.2,52.6,0.3,0.02
2011,1,20,2300,18.6,94,52.6,0.5,0.02
2011,1,21,0,18.9,93.7,52.7,0.8,0
2011,1,21,100,18.4,94.1,52.8,1.1,0.01
2011,1,21,200,18.3,93.6,52.8,1,0.01
2011,1,21,300,17.8,93.3,52.9,1.8,0
2011,1,21,400,17.5,93,52.8,1.8,0.01
2011,1,21,500,17.8,93,52.7,1.8,0
2011,1,21,600,17.5,92.8,52.6,1.7,0
2011,1,21,700,17.1,91.7,52.6,1.7,0
2011,1,21,800,17.5,92.6,52.5,1.7,0
2011,1,21,900,18.6,89.2,52.4,1.7,0
2011,1,21,1000,19.1,86.1,52.3,1.7,0
2011,1,21,1100,20.5,84,52,1.6,0
2011,1,21,1200,22,82.9,52.2,1.7,0
2011,1,21,1300,23.7,82.5,52.1,1.7,0
2011,1,21,1400,23.8,84.1,52.1,1.7,0
2011,1,21,1500,24.2,82.7,52,1.6,0
2011,1,21,1600,23.4,83.4,52,0.2,0
2011,1,21,1700,24.8,81.3,52,0.2,0
2011,1,21,1800,25.8,85.5,51.9,0.2,0
2011,1,21,1900,25.1,88.8,51.7,0.2,0
2011,1,21,2000,24.6,91.6,51.9,0.4,0.03
2011,1,21,2100,23.8,94.6,52.4,1.2,0.01
2011,1,21,2200,23.2,95.5,52.9,1.1,0.07
2011,1,21,2300,23,94.1,52.5,1.9,0.03
2011,1,22,0,22.4,95.2,52.6,1.7,0
2011,1,22,100,20.3,92.6,52.6,1.7,0
2011,1,22,200,18.5,94,52.9,1.7,0.05
2011,1,22,300,17.3,91.4,52.8,2.6,0.01
2011,1,22,400,16.3,92.9,53.2,2.3,0.01
2011,1,22,500,15.8,91.5,53.1,2.3,0
2011,1,22,600,15.4,89.4,53.2,2.3,0
2011,1,22,700,13.5,84.8,53.2,2.3,0
2011,1,22,800,13.7,83.2,53,2.3,0
2011,1,22,900,13.8,83.8,53,2.3,0
2011,1,22,1000,14.2,85,52.9,2.3,0
2011,1,22,1100,15.4,87,52.7,2.2,0
2011,1,22,1200,16,89.3,52.7,2.3,0
2011,1,22,1300,17.7,89,52.9,2.4,0.01
2011,1,22,1400,17.8,84,52.9,2.1,0.01
2011,1,22,1500,15.8,86.9,52.9,2.5,0
2011,1,22,1600,14.9,80.4,52.8,2.5,0.03
2011,1,22,1700,13.6,86.1,52.8,0.2,0
2011,1,22,1800,12.8,86.2,52.8,0.2,0
2011,1,22,1900,12.5,88.2,52.8,0.2,0
2011,1,22,2000,12,87.9,52.7,0.2,0
2011,1,22,2100,12.4,83.6,52.9,0.2,0
2011,1,22,2200,14.7,61.5,52.6,0.2,0
2011,1,22,2300,13,74.6,52.4,0.1,0
2011,1,23,0,10.8,84.7,52.5,0.2,0
2011,1,23,100,11.6,80.6,52.3,0.1,0
2011,1,23,200,11.6,76.2,52.3,0.1,0
2011,1,23,300,11.7,73.8,52.2,0.1,0
2011,1,23,400,11.7,75,52.3,0.1,0
2011,1,23,500,13.6,70.7,52.2,0.2,0
2011,1,23,600,15.2,63.3,52.3,0.2,0
2011,1,23,700,17.4,48.7,52.4,0.3,0
2011,1,23,800,19.7,49.8,52.2,0.2,0
2011,1,23,900,21.1,50.1,52.1,0.2,0
2011,1,23,1000,22.2,44.4,52.1,0.2,0
2011,1,23,1100,23.1,50,51.9,0.1,0
2011,1,23,1200,22.3,54.7,51.9,0.1,0
2011,1,23,1300,22.6,58,51.7,0.1,0
2011,1,23,1400,22.7,60.8,51.7,0.1,0
2011,1,23,1500,22.7,65.4,51.7,0.1,0
2011,1,23,1600,22,75.7,51.7,0.2,0
2011,1,23,1700,21.5,80.6,51.7,0.2,0
