2010,12,7,1900,22,96,3,9,154,0,-6999
2010,12,7,2000,21,96,2,5,97,0,-6999
2010,12,7,2100,20,97,2,6,102,0,-6999
2010,12,7,2200,19,95,3,7,99,0,-6999
2010,12,7,2300,19,95,1,6,96,0,-6999
2010,12,7,2400,19,94,2,6,109,0,-6999
2010,12,8,100,19,94,1,4,106,0,-6999
2010,12,8,200,18,94,3,6,96,0,-6999
2010,12,8,300,17,94,1,4,107,0,-6999
2010,12,8,400,17,94,3,7,101,0,-6999
2010,12,8,500,18,94,3,6,110,0,-6999
2010,12,8,600,17,94,3,7,108,0,-6999
2010,12,8,700,18,93,3,9,137,0,-6999
2010,12,8,800,22,66,5,20,148,0,-6999
2010,12,8,900,30,53,4,11,12,0,-6999
2010,12,8,1000,30,53,6,24,63,0,-6999
2010,12,8,1100,30,60,7,24,110,0,-6999
2010,12,8,1200,30,62,12,28,188,0,-6999
2010,12,8,1300,29,65,11,24,189,0,-6999
2010,12,8,1400,28,72,10,24,172,0,-6999
2010,12,8,1500,27,73,7,24,168,0,-6999
2010,12,8,1600,27,77,6,21,135,0,-6999
2010,12,8,1700,26,78,7,21,77,0,-6999
2010,12,8,1800,25,87,6,14,32,0,-6999
2010,12,8,1900,25,87,5,15,78,0,-6999
2010,12,8,2000,25,85,6,19,35,0,-6999
2010,12,8,2100,24,87,7,25,264,0,-6999
2010,12,8,2200,24,84,7,23,28,0,-6999
2010,12,8,2300,24,82,6,18,97,0,-6999
2010,12,8,2400,24,84,5,17,83,0,-6999
2010,12,9,100,24,81,5,21,53,0,-6999
2010,12,9,200,23,86,8,27,305,0,-6999
2010,12,9,300,23,74,10,33,279,0,-6999
2010,12,9,400,23,76,12,38,277,2,-6999
2010,12,9,500,22,78,11,28,278,0,-6999
2010,12,9,600,22,77,13,32,294,0,-6999
2010,12,9,700,22,77,11,40,298,0,-6999
2010,12,9,800,21,74,7,25,318,0,-6999
2010,12,9,900,22,71,9,24,282,0,-6999
2010,12,9,1000,22,72,4,11,271,0,-6999
2010,12,9,1100,23,59,4,11,303,0,-6999
2010,12,9,1200,24,52,6,18,324,0,-6999
2010,12,9,1300,25,55,6,18,12,0,-6999
2010,12,9,1400,25,54,9,20,53,0,-6999
2010,12,9,1500,25,61,7,23,43,0,-6999
2010,12,9,1600,23,65,7,17,38,0,-6999
2010,12,9,1700,23,64,9,17,56,0,-6999
2010,12,9,1800,22,69,6,17,32,0,-6999
2010,12,9,1900,22,69,6,15,97,0,-6999
2010,12,9,2000,21,65,5,16,91,0,-6999
2010,12,9,2100,21,60,6,14,77,0,-6999
2010,12,9,2200,22,60,6,14,53,0,-6999
2010,12,9,2300,21,57,5,14,52,0,-6999
2010,12,9,2400,22,57,6,19,63,0,-6999
2010,12,10,100,22,61,5,15,98,0,-6999
2010,12,10,200,21,76,11,38,177,0,-6999
2010,12,10,300,21,72,17,36,188,0,-6999
2010,12,10,400,21,77,12,30,176,0,-6999
2010,12,10,500,23,67,7,31,121,0,-6999
2010,12,10,600,24,71,9,29,356,0,-6999
2010,12,10,700,22,86,13,34,299,0,-6999
2010,12,10,800,19,82,36,69,284,47,-6999
2010,12,10,900,17,76,23,44,288,4,-6999
2010,12,10,1000,17,67,17,44,283,83,-6999
2010,12,10,1100,17,67,14,38,290,68,-6999
2010,12,10,1200,16,62,17,41,288,101,-6999
2010,12,10,1300,16,67,16,39,285,126,-6999
2010,12,10,1400,16,64,10,25,280,1,-6999
2010,12,10,1500,17,66,10,30,271,1,-6999
2010,12,10,1600,16,70,10,24,288,67,-6999
2010,12,10,1700,16,65,15,32,286,294,-6999
2010,12,10,1800,16,70,6,21,272,13,-6999
2010,12,10,1900,15,69,6,19,281,0,-6999
2010,12,10,2000,15,68,11,27,290,68,-6999
2010,12,10,2100,15,65,9,28,287,0,-6999
2010,12,10,2200,15,71,14,30,290,4,-6999
2010,12,10,2300,15,70,12,25,289,0,-6999
2010,12,10,2400,15,70,15,31,284,5,-6999
2010,12,11,100,15,68,13,28,287,0,-6999
2010,12,11,200,15,73,12,34,291,0,-6999
2010,12,11,300,14,76,15,33,283,0,-6999
2010,12,11,400,14,77,18,35,279,0,-6999
2010,12,11,500,14,79,17,31,285,0,-6999
2010,12,11,600,14,75,17,28,283,0,-6999
2010,12,11,700,13,76,20,32,288,0,-6999
2010,12,11,800,13,70,21,34,289,0,-6999
2010,12,11,900,13,67,19,29,285,0,-6999
2010,12,11,1000,14,62,13,24,288,0,-6999
2010,12,11,1100,15,74,6,16,293,0,-6999
2010,12,11,1200,14,74,8,21,202,0,-6999
2010,12,11,1300,15,70,7,22,238,0,-6999
2010,12,11,1400,16,67,5,16,216,0,-6999
2010,12,11,1500,16,68,5,17,270,0,-6999
2010,12,11,1600,16,70,5,13,275,0,-6999
2010,12,11,1700,15,70,4,13,176,0,-6999
2010,12,11,1800,15,66,4,10,59,0,-6999
2010,12,11,1900,15,75,7,21,198,0,-6999
2010,12,11,2000,14,89,9,22,190,0,-6999
2010,12,11,2100,13,91,3,7,71,0,-6999
2010,12,11,2200,13,92,4,7,107,0,-6999
2010,12,11,2300,14,90,5,12,101,0,-6999
2010,12,11,2400,16,92,5,11,87,0,-6999
2010,12,12,100,18,92,5,16,66,0,-6999
2010,12,12,200,21,89,5,18,20,0,-6999
2010,12,12,300,24,89,6,22,124,0,-6999
2010,12,12,400,25,89,7,24,55,0,-6999
2010,12,12,500,26,90,7,20,120,0,-6999
2010,12,12,600,27,90,7,24,166,59,-6999
2010,12,12,700,28,92,8,22,75,0,-6999
2010,12,12,800,29,89,11,26,45,0,-6999
2010,12,12,900,30,88,9,29,94,0,-6999
2010,12,12,1000,32,85,9,27,99,0,-6999
2010,12,12,1100,33,79,10,36,243,0,-6999
2010,12,12,1200,33,78,11,35,147,0,-6999
2010,12,12,1300,33,75,7,23,329,0,-6999
2010,12,12,1400,34,71,6,20,44,0,-6999
2010,12,12,1500,35,68,7,21,82,0,-6999
2010,12,12,1600,35,62,7,25,96,0,-6999
2010,12,12,1700,35,60,8,32,49,0,-6999
2010,12,12,1800,36,50,10,34,294,0,-6999
2010,12,12,1900,35,50,6,21,55,0,-6999
2010,12,12,2000,35,45,6,20,296,4,-6999
2010,12,12,2100,35,42,6,23,345,0,-6999
2010,12,12,2200,34,43,6,20,14,0,-6999
2010,12,12,2300,34,45,6,18,321,0,-6999
2010,12,12,2400,33,49,5,19,158,0,-6999
2010,12,13,100,33,46,8,24,190,0,-6999
2010,12,13,200,34,49,6,20,246,0,-6999
2010,12,13,300,33,51,5,18,301,0,-6999
2010,12,13,400,33,47,6,20,19,0,-6999
2010,12,13,500,33,40,6,19,358,0,-6999
2010,12,13,600,33,42,5,23,32,0,-6999
2010,12,13,700,32,49,4,13,40,0,-6999
2010,12,13,800,32,47,4,14,54,0,-6999
2010,12,13,900,31,72,4,13,307,0,-6999
2010,12,13,1000,29,89,5,21,13,0,-6999
2010,12,13,1100,28,81,6,17,53,0,-6999
2010,12,13,1200,29,86,8,15,81,0,-6999
2010,12,13,1300,30,78,6,19,82,0,-6999
2010,12,13,1400,31,76,4,14,80,0,-6999
2010,12,13,1500,31,77,5,14,40,0,-6999
2010,12,13,1600,30,78,5,16,39,0,-6999
2010,12,13,1700,30,82,5,20,25,0,-6999
2010,12,13,1800,29,79,6,13,72,0,-6999
2010,12,13,1900,29,75,5,20,119,0,-6999
2010,12,13,2000,30,74,5,16,173,0,-6999
2010,12,13,2100,28,87,3,6,104,0,-6999
2010,12,13,2200,28,76,4,11,101,0,-6999
2010,12,13,2300,30,66,7,24,143,0,-6999
2010,12,13,2400,30,96,6,21,154,0,-6999
2010,12,14,100,25,96,3,9,87,0,-6999
2010,12,14,200,25,97,3,9,93,0,-6999
2010,12,14,300,25,97,3,9,94,0,-6999
2010,12,14,400,29,79,6,16,198,0,-6999
2010,12,14,500,29,74,6,19,182,0,-6999
2010,12,14,600,29,69,7,21,183,0,-6999
2010,12,14,700,30,62,5,19,199,2,-6999
2010,12,14,800,31,66,5,23,132,0,-6999
2010,12,14,900,31,70,6,21,172,0,-6999
2010,12,14,1000,31,70,9,27,346,6,-6999
2010,12,14,1100,30,80,9,28,171,74,-6999
2010,12,14,1200,29,82,8,33,319,0,-6999
2010,12,14,1300,28,78,8,33,328,0,-6999
2010,12,14,1400,27,89,8,27,346,0,-6999
2010,12,14,1500,27,80,5,27,38,0,-6999
2010,12,14,1600,28,86,5,26,29,0,-6999
2010,12,14,1700,22,91,25,44,289,64,-6999
2010,12,14,1800,22,71,11,36,294,0,-6999
2010,12,14,1900,20,78,12,34,290,4,-6999
2010,12,14,2000,19,88,13,30,291,0,-6999
2010,12,14,2100,17,90,13,25,292,0,-6999
2010,12,14,2200,15,87,10,26,321,0,-6999
2010,12,14,2300,15,71,4,14,63,0,-6999
2010,12,14,2400,14,84,5,12,78,0,-6999
2010,12,15,100,13,78,9,21,173,0,-6999
2010,12,15,200,13,75,4,14,205,0,-6999
2010,12,15,300,12,69,6,21,274,0,-6999
2010,12,15,400,12,66,7,20,273,0,-6999
2010,12,15,500,11,68,8,30,305,0,-6999
2010,12,15,600,11,65,8,24,297,0,-6999
2010,12,15,700,11,70,9,24,293,0,-6999
2010,12,15,800,11,70,7,21,298,0,-6999
2010,12,15,900,11,72,7,23,323,0,-6999
2010,12,15,1000,11,70,8,22,281,0,-6999
2010,12,15,1100,12,66,6,19,353,0,-6999
2010,12,15,1200,12,62,8,21,310,0,-6999
2010,12,15,1300,12,67,8,20,284,0,-6999
2010,12,15,1400,12,64,7,19,207,0,-6999
2010,12,15,1500,12,66,6,20,220,0,-6999
2010,12,15,1600,12,72,4,15,31,0,-6999
2010,12,15,1700,10,79,5,13,44,0,-6999
2010,12,15,1800,9,74,5,12,75,0,-6999
2010,12,15,1900,9,71,4,10,46,0,-6999
2010,12,15,2000,9,67,3,9,55,0,-6999
2010,12,15,2100,10,72,3,12,70,0,-6999
2010,12,15,2200,9,70,4,9,130,0,-6999
2010,12,15,2300,9,67,4,12,162,0,-6999
2010,12,15,2400,9,66,5,13,177,0,-6999
2010,12,16,100,9,68,6,17,241,0,-6999
2010,12,16,200,9,63,7,16,246,0,-6999
2010,12,16,300,9,75,6,15,273,0,-6999
2010,12,16,400,8,70,2,6,51,0,-6999
2010,12,16,500,9,74,5,14,272,0,-6999
2010,12,16,600,8,75,6,14,267,0,-6999
2010,12,16,700,7,79,7,15,230,0,-6999
2010,12,16,800,7,78,4,11,242,0,-6999
2010,12,16,900,7,74,4,8,241,0,-6999
2010,12,16,1000,7,78,4,9,254,0,-6999
2010,12,16,1100,10,62,3,7,209,0,-6999
2010,12,16,1200,11,67,3,8,251,0,-6999
2010,12,16,1300,11,73,4,8,264,0,-6999
2010,12,16,1400,13,63,3,6,135,131,-6999
2010,12,16,1500,13,73,2,6,38,218,-6999
2010,12,16,1600,10,72,3,11,138,34,-6999
2010,12,16,1700,9,75,2,6,249,9,-6999
2010,12,16,1800,8,76,3,5,146,0,-6999
2010,12,16,1900,8,79,3,5,117,0,-6999
2010,12,16,2000,7,82,4,6,129,0,-6999
2010,12,16,2100,6,86,5,7,127,0,-6999
2010,12,16,2200,6,85,3,5,114,0,-6999
2010,12,16,2300,6,84,3,5,114,0,-6999
2010,12,16,2400,6,68,3,7,131,0,-6999
2010,12,17,100,6,81,5,9,124,0,-6999
2010,12,17,200,5,83,3,6,125,0,-6999
2010,12,17,300,4,74,1,5,119,0,-6999
2010,12,17,400,4,75,2,5,84,0,-6999
2010,12,17,500,4,83,3,4,107,0,-6999
2010,12,17,600,3,84,3,5,118,0,-6999
2010,12,17,700,3,83,4,6,111,0,-6999
2010,12,17,800,3,83,3,9,103,0,-6999
2010,12,17,900,3,77,2,9,112,22,-6999
2010,12,17,1000,6,66,3,8,84,131,-6999
2010,12,17,1100,8,69,2,8,49,328,-6999
2010,12,17,1200,8,64,3,5,74,412,-6999
2010,12,17,1300,8,64,4,6,80,408,-6999
2010,12,17,1400,10,63,4,8,96,391,-6999
2010,12,17,1500,10,64,5,7,107,241,-6999
2010,12,17,1600,8,64,4,8,113,33,-6999
2010,12,17,1700,8,61,4,7,95,6,-6999
2010,12,17,1800,7,61,3,9,74,0,-6999
2010,12,17,1900,8,69,9,19,204,0,-6999
2010,12,17,2000,6,72,4,7,114,0,-6999
2010,12,17,2100,6,72,4,11,152,0,-6999
2010,12,17,2200,6,76,3,10,141,0,-6999
2010,12,17,2300,7,76,9,16,193,0,-6999
2010,12,17,2400,5,78,3,10,173,0,-6999
2010,12,18,100,4,81,4,6,125,0,-6999
2010,12,18,200,5,81,3,6,107,0,-6999
2010,12,18,300,4,81,4,6,106,0,-6999
2010,12,18,400,4,82,2,7,131,0,-6999
2010,12,18,500,4,77,2,6,111,0,-6999
2010,12,18,600,5,79,2,5,115,0,-6999
2010,12,18,700,4,74,1,4,109,0,-6999
2010,12,18,800,5,76,4,9,116,0,-6999
2010,12,18,900,6,79,4,15,110,16,-6999
2010,12,18,1000,8,79,4,9,119,67,-6999
2010,12,18,1100,10,87,4,9,109,75,-6999
2010,12,18,1200,10,88,5,9,95,98,-6999
2010,12,18,1300,15,90,4,14,93,130,-6999
2010,12,18,1400,17,85,6,21,124,94,-6999
2010,12,18,1500,20,83,5,20,128,91,-6999
2010,12,18,1600,21,79,7,29,168,43,-6999
2010,12,18,1700,20,83,7,21,137,6,-6999
2010,12,18,1800,21,74,9,25,283,0,-6999
2010,12,18,1900,21,75,8,24,247,0,-6999
2010,12,18,2000,20,79,5,18,209,0,-6999
2010,12,18,2100,20,78,5,16,240,0,-6999
2010,12,18,2200,19,84,6,16,188,0,-6999
2010,12,18,2300,19,86,6,18,194,0,-6999
2010,12,18,2400,18,92,2,7,139,0,-6999
2010,12,19,100,17,93,3,12,293,0,-6999
2010,12,19,200,17,85,7,13,257,0,-6999
2010,12,19,300,16,86,13,23,211,0,-6999
2010,12,19,400,16,87,6,15,141,0,-6999
2010,12,19,500,15,77,5,12,54,0,-6999
2010,12,19,600,16,84,4,13,151,0,-6999
2010,12,19,700,16,78,3,11,129,0,-6999
2010,12,19,800,16,88,3,15,83,0,-6999
2010,12,19,900,18,58,5,13,173,6,-6999
2010,12,19,1000,17,91,4,13,138,37,-6999
2010,12,19,1100,16,91,3,9,101,96,-6999
2010,12,19,1200,19,83,3,12,211,101,-6999
2010,12,19,1300,20,87,3,12,119,93,-6999
2010,12,19,1400,22,87,7,19,188,83,-6999
2010,12,19,1500,22,82,4,13,174,68,-6999
2010,12,19,1600,22,92,6,13,164,39,-6999
2010,12,19,1700,20,90,4,9,105,6,-6999
2010,12,19,1800,20,93,1,4,107,0,-6999
2010,12,19,1900,19,94,3,5,106,0,-6999
2010,12,19,2000,19,94,3,8,101,0,-6999
2010,12,19,2100,20,94,4,8,103,0,-6999
2010,12,19,2200,20,95,3,9,88,0,-6999
2010,12,19,2300,22,90,5,17,346,0,-6999
2010,12,19,2400,22,87,5,17,338,0,-6999
2010,12,20,100,21,86,6,15,326,0,-6999
2010,12,20,200,21,85,5,21,323,0,-6999
2010,12,20,300,19,82,8,45,10,0,-6999
2010,12,20,400,16,72,9,32,304,0,-6999
2010,12,20,500,15,69,9,32,342,0,-6999
2010,12,20,600,15,65,11,36,282,0,-6999
2010,12,20,700,14,66,10,31,195,0,-6999
2010,12,20,800,13,65,8,24,132,0,-6999
2010,12,20,900,13,67,8,34,53,21,-6999
2010,12,20,1000,14,65,8,28,5,143,-6999
2010,12,20,1100,15,62,7,18,39,253,-6999
2010,12,20,1200,16,57,5,17,357,234,-6999
2010,12,20,1300,15,55,13,26,290,273,-6999
2010,12,20,1400,17,52,7,20,306,313,-6999
2010,12,20,1500,17,55,4,15,342,178,-6999
2010,12,20,1600,15,59,5,15,60,20,-6999
2010,12,20,1700,15,58,3,7,109,5,-6999
2010,12,20,1800,14,83,4,8,152,0,-6999
2010,12,20,1900,10,86,5,8,107,0,-6999
2010,12,20,2000,10,87,2,6,107,0,-6999
2010,12,20,2100,10,81,3,5,114,0,-6999
2010,12,20,2200,10,73,1,6,114,0,-6999
2010,12,20,2300,9,88,4,7,119,0,-6999
2010,12,20,2400,9,88,2,5,107,0,-6999
2010,12,21,100,9,81,2,4,112,0,-6999
2010,12,21,200,10,85,3,6,118,0,-6999
2010,12,21,300,10,85,3,6,127,0,-6999
2010,12,21,400,10,89,3,6,91,0,-6999
2010,12,21,500,9,83,2,5,129,0,-6999
2010,12,21,600,11,87,1,3,210,0,-6999
2010,12,21,700,10,82,1,3,83,0,-6999
2010,12,21,800,12,73,2,9,108,0,-6999
2010,12,21,900,14,70,3,10,114,25,-6999
2010,12,21,1000,16,72,2,5,85,203,-6999
2010,12,21,1100,17,62,3,11,76,406,-6999
2010,12,21,1200,18,57,3,9,72,373,-6999
2010,12,21,1300,20,54,2,6,60,387,-6999
2010,12,21,1400,22,56,2,6,63,302,-6999
2010,12,21,1500,21,57,2,9,79,217,-6999
2010,12,21,1600,18,66,3,7,118,18,-6999
2010,12,21,1700,17,71,3,5,110,5,-6999
2010,12,21,1800,16,74,3,6,106,0,-6999
2010,12,21,1900,16,72,4,6,105,0,-6999
2010,12,21,2000,15,78,3,5,105,0,-6999
2010,12,21,2100,14,78,3,5,96,0,-6999
2010,12,21,2200,15,81,4,9,98,0,-6999
2010,12,21,2300,15,83,2,6,112,0,-6999
2010,12,21,2400,16,80,6,7,123,0,-6999
2010,12,22,100,17,79,3,7,133,0,-6999
2010,12,22,200,17,82,5,10,134,0,-6999
2010,12,22,300,17,83,4,8,111,0,-6999
2010,12,22,400,17,83,4,6,113,0,-6999
2010,12,22,500,17,86,5,8,127,0,-6999
2010,12,22,600,17,87,4,7,125,0,-6999
2010,12,22,700,18,89,4,8,122,0,-6999
2010,12,22,800,18,89,3,17,96,0,-6999
2010,12,22,900,19,87,3,9,117,37,-6999
2010,12,22,1000,21,82,3,14,91,183,-6999
2010,12,22,1100,22,83,3,8,61,286,-6999
2010,12,22,1200,21,87,6,10,85,178,-6999
2010,12,22,1300,21,83,4,9,80,164,-6999
2010,12,22,1400,23,82,3,6,87,162,-6999
2010,12,22,1500,23,83,4,8,80,127,-6999
2010,12,22,1600,22,88,5,8,95,66,-6999
2010,12,22,1700,21,91,5,8,102,10,-6999
2010,12,22,1800,22,93,5,10,109,0,-6999
2010,12,22,1900,22,94,4,7,99,0,-6999
2010,12,22,2000,22,95,2,6,110,0,-6999
2010,12,22,2100,22,95,2,5,107,0,-6999
2010,12,22,2200,23,94,2,4,123,0,-6999
2010,12,22,2300,23,94,1,5,195,0,-6999
2010,12,22,2400,24,91,5,9,254,0,-6999
2010,12,23,100,24,85,5,11,266,0,-6999
2010,12,23,200,23,93,4,8,276,0,-6999
2010,12,23,300,22,91,6,9,248,0,-6999
2010,12,23,400,22,87,7,11,230,0,-6999
2010,12,23,500,22,83,6,11,236,0,-6999
2010,12,23,600,21,89,5,11,238,0,-6999
2010,12,23,700,21,93,7,14,272,0,-6999
2010,12,23,800,22,94,5,13,264,0,-6999
2010,12,23,900,22,85,7,13,237,12,-6999
2010,12,23,1000,22,84,9,16,255,35,-6999
2010,12,23,1100,23,70,10,19,263,66,-6999
2010,12,23,1200,23,75,10,20,244,107,-6999
2010,12,23,1300,23,75,8,15,262,71,-6999
2010,12,23,1400,23,68,8,18,283,59,-6999
2010,12,23,1500,23,72,8,18,299,63,-6999
2010,12,23,1600,23,72,9,17,297,20,-6999
2010,12,23,1700,22,78,9,16,278,3,-6999
2010,12,23,1800,21,75,8,15,260,0,-6999
2010,12,23,1900,21,76,7,16,242,0,-6999
2010,12,23,2000,21,81,6,13,241,0,-6999
2010,12,23,2100,20,81,1,2,14,0,-6999
2010,12,23,2200,20,81,1,5,96,0,-6999
2010,12,23,2300,19,79,3,15,192,0,-6999
2010,12,23,2400,19,79,4,12,200,0,-6999
2010,12,24,100,18,94,3,9,92,0,-6999
2010,12,24,200,19,72,5,14,211,0,-6999
2010,12,24,300,17,95,3,13,98,0,-6999
2010,12,24,400,17,94,3,6,103,0,-6999
2010,12,24,500,17,92,2,4,106,0,-6999
2010,12,24,600,17,88,1,3,171,0,-6999
2010,12,24,700,16,92,1,3,65,0,-6999
2010,12,24,800,16,84,2,18,285,0,-6999
2010,12,24,900,17,81,4,14,353,8,-6999
2010,12,24,1000,19,81,2,13,30,40,-6999
2010,12,24,1100,22,61,3,13,344,89,-6999
2010,12,24,1200,24,65,3,15,336,132,-6999
2010,12,24,1300,25,68,2,8,26,157,-6999
2010,12,24,1400,26,62,2,10,26,150,-6999
2010,12,24,1500,28,64,3,11,16,87,-6999
2010,12,24,1600,25,73,2,10,227,16,-6999
2010,12,24,1700,24,72,2,4,124,4,-6999
2010,12,24,1800,25,55,3,6,111,0,-6999
2010,12,24,1900,26,52,1,4,235,0,-6999
2010,12,24,2000,25,69,1,3,80,0,-6999
2010,12,24,2100,24,62,2,4,108,0,-6999
2010,12,24,2200,27,41,2,13,152,0,-6999
2010,12,24,2300,31,51,7,19,194,0,-6999
2010,12,24,2400,29,32,4,14,192,0,-6999
2010,12,25,100,34,33,6,13,206,0,-6999
2010,12,25,200,33,30,7,19,172,0,-6999
2010,12,25,300,33,38,4,14,271,0,-6999
2010,12,25,400,32,36,3,9,69,0,-6999
2010,12,25,500,31,38,4,8,72,0,-6999
2010,12,25,600,33,23,5,18,76,0,-6999
2010,12,25,700,35,24,7,20,191,0,-6999
2010,12,25,800,35,19,5,17,53,0,-6999
2010,12,25,900,30,44,5,11,104,19,-6999
2010,12,25,1000,29,41,5,9,111,75,-6999
2010,12,25,1100,30,33,6,11,111,220,-6999
2010,12,25,1200,32,31,5,11,107,372,-6999
2010,12,25,1300,36,29,3,12,111,365,-6999
2010,12,25,1400,36,35,4,10,109,304,-6999
2010,12,25,1500,36,34,6,16,143,126,210
2010,12,25,1600,32,39,5,8,119,49,209
2010,12,25,1700,30,43,8,12,108,9,231
2010,12,25,1800,30,37,9,11,106,0,213
2010,12,25,1900,29,40,7,12,99,0,204
2010,12,25,2000,28,43,5,8,101,0,212
2010,12,25,2100,30,43,7,11,122,0,212
2010,12,25,2200,29,37,9,14,130,0,230
2010,12,25,2300,29,39,7,10,117,0,227
2010,12,25,2400,29,44,5,10,136,0,241
2010,12,26,100,30,35,6,11,132,0,235
2010,12,26,200,31,32,9,14,133,0,243
2010,12,26,300,31,33,8,12,130,0,244
2010,12,26,400,30,35,6,13,114,0,238
2010,12,26,500,29,40,5,10,116,0,207
2010,12,26,600,28,39,5,10,106,0,202
2010,12,26,700,28,38,5,10,98,0,204
2010,12,26,800,28,47,5,16,91,0,193
2010,12,26,900,28,54,7,21,146,22,199
2010,12,26,1000,28,58,7,19,209,97,202
2010,12,26,1100,28,53,4,14,90,167,211
2010,12,26,1200,28,62,7,26,154,171,231
2010,12,26,1300,28,67,11,28,49,278,257
2010,12,26,1400,27,74,10,26,42,183,256
2010,12,26,1500,26,82,8,22,10,64,282
2010,12,26,1600,24,91,6,25,22,29,285
2010,12,26,1700,22,94,4,14,28,3,285
2010,12,26,1800,22,89,5,15,65,0,284
2010,12,26,1900,20,89,6,27,31,0,280
2010,12,26,2000,19,86,5,22,162,0,252
2010,12,26,2100,18,82,5,18,162,0,220
2010,12,26,2200,17,80,4,14,65,0,237
2010,12,26,2300,16,77,5,12,28,0,198
2010,12,26,2400,16,66,4,15,40,0,210
2010,12,27,100,17,89,6,28,320,0,257
2010,12,27,200,14,91,11,34,307,0,264
2010,12,27,300,14,75,9,28,288,0,254
2010,12,27,400,13,70,12,37,293,0,203
2010,12,27,500,13,63,7,32,338,0,194
2010,12,27,600,13,62,12,47,310,0,193
2010,12,27,700,13,63,13,42,293,0,234
2010,12,27,800,13,70,8,26,306,0,248
2010,12,27,900,12,83,8,26,18,10,254
2010,12,27,1000,12,79,8,31,346,72,254
2010,12,27,1100,13,77,9,32,313,123,254
2010,12,27,1200,13,84,9,31,311,100,260
2010,12,27,1300,13,77,11,36,317,126,259
2010,12,27,1400,13,68,10,36,334,177,227
2010,12,27,1500,14,69,8,25,348,199,228
2010,12,27,1600,13,71,7,24,9,82,207
2010,12,27,1700,13,67,7,21,21,21,229
2010,12,27,1800,13,67,6,19,34,0,205
2010,12,27,1900,13,67,8,31,43,0,205
2010,12,27,2000,13,71,7,18,58,0,192
2010,12,27,2100,12,70,6,15,83,0,194
2010,12,27,2200,12,69,3,8,88,0,177
2010,12,27,2300,12,64,3,8,100,0,190
2010,12,27,2400,11,78,6,11,112,0,190
2010,12,28,100,9,85,7,12,121,0,198
2010,12,28,200,11,69,4,9,105,0,248
2010,12,28,300,14,84,5,11,37,0,264
2010,12,28,400,14,83,5,14,7,0,260
2010,12,28,500,16,75,7,21,86,0,268
2010,12,28,600,17,79,9,21,44,0,245
2010,12,28,700,18,76,10,23,44,0,228
2010,12,28,800,17,81,10,24,50,0,236
2010,12,28,900,17,84,9,21,43,12,265
2010,12,28,1000,18,86,9,18,61,73,269
2010,12,28,1100,18,81,9,20,55,142,263
2010,12,28,1200,21,76,7,19,52,351,260
2010,12,28,1300,22,71,7,16,37,262,233
2010,12,28,1400,23,69,7,15,49,302,234
2010,12,28,1500,22,75,7,16,40,190,240
2010,12,28,1600,20,85,7,19,39,60,273
2010,12,28,1700,19,87,6,19,76,6,276
2010,12,28,1800,18,86,7,26,108,0,277
2010,12,28,1900,18,88,10,24,170,0,275
2010,12,28,2000,19,89,8,21,176,0,272
2010,12,28,2100,16,93,5,12,116,0,261
2010,12,28,2200,15,93,7,14,112,0,263
2010,12,28,2300,15,93,6,11,96,0,264
2010,12,28,2400,15,93,6,10,107,0,271
2010,12,29,100,15,93,7,12,110,0,271
2010,12,29,200,16,92,5,8,128,0,273
2010,12,29,300,16,93,7,12,119,0,272
2010,12,29,400,17,92,5,15,99,0,275
2010,12,29,500,17,92,6,17,124,0,274
2010,12,29,600,18,83,14,33,187,0,269
2010,12,29,700,19,92,14,30,186,0,265
2010,12,29,800,18,93,6,19,135,0,258
2010,12,29,900,17,91,7,14,123,9,270
2010,12,29,1000,18,91,3,9,87,30,276
2010,12,29,1100,19,91,3,10,87,42,281
2010,12,29,1200,21,91,3,9,82,41,287
2010,12,29,1300,21,93,4,8,35,26,290
2010,12,29,1400,21,92,4,9,34,32,291
2010,12,29,1500,22,94,4,11,18,27,291
2010,12,29,1600,21,95,5,12,295,13,288
2010,12,29,1700,21,94,2,4,28,2,285
2010,12,29,1800,17,92,11,22,214,0,278
2010,12,29,1900,11,90,5,15,294,0,264
2010,12,29,2000,8,89,3,8,312,0,255
2010,12,29,2100,5,87,3,8,129,0,250
2010,12,29,2200,3,87,3,8,138,0,245
2010,12,29,2300,3,86,4,9,82,0,243
2010,12,29,2400,1,86,2,8,119,0,240
2010,12,30,100,1,86,2,3,288,0,239
2010,12,30,200,0,85,1,4,307,0,237
2010,12,30,300,-1,84,2,6,296,0,235
2010,12,30,400,-2,84,1,2,11,0,233
2010,12,30,500,-3,84,1,4,268,0,231
2010,12,30,600,-4,83,1,2,1,0,230
2010,12,30,700,-6,82,4,9,121,0,226
2010,12,30,800,-7,82,3,23,310,0,221
2010,12,30,900,-8,81,2,12,283,4,219
2010,12,30,1000,-6,82,4,17,348,20,225
2010,12,30,1100,-4,83,2,9,313,40,232
2010,12,30,1200,-2,83,3,13,348,43,239
2010,12,30,1300,-3,81,4,7,94,52,239
2010,12,30,1400,-3,82,4,8,100,65,239
2010,12,30,1500,-3,81,3,9,58,42,238
2010,12,30,1600,-7,80,3,7,117,9,226
2010,12,30,1700,-10,79,7,9,105,3,218
2010,12,30,1800,-12,78,6,9,124,0,213
2010,12,30,1900,-13,78,4,9,137,0,210
2010,12,30,2000,-14,78,5,9,129,0,210
2010,12,30,2100,-14,77,3,7,126,0,210
2010,12,30,2200,-14,78,4,8,130,0,210
2010,12,30,2300,-14,78,4,7,139,0,210
2010,12,30,2400,-14,78,5,8,129,0,210
2010,12,31,100,-14,77,3,6,141,0,208
2010,12,31,200,-15,77,1,4,105,0,208
2010,12,31,300,-15,77,1,4,317,0,208
2010,12,31,400,-15,77,2,3,270,0,208
2010,12,31,500,-15,77,2,3,288,0,207
2010,12,31,600,-16,76,1,3,219,0,205
2010,12,31,700,-15,77,3,6,148,0,205
2010,12,31,800,-16,77,3,11,145,0,204
2010,12,31,900,-16,77,3,16,144,2,203
2010,12,31,1000,-12,78,2,9,158,12,210
2010,12,31,1100,-6,80,3,13,43,35,231
2010,12,31,1200,-3,82,3,11,22,53,244
2010,12,31,1300,0,82,3,8,8,63,255
2010,12,31,1400,-2,80,3,6,284,65,247
2010,12,31,1500,1,81,4,11,280,51,245
2010,12,31,1600,-4,83,3,6,276,5,230
2010,12,31,1700,-5,82,6,13,267,2,228
2010,12,31,1800,-5,83,7,16,269,0,227
2010,12,31,1900,-6,81,7,15,277,0,226
2010,12,31,2000,-6,82,6,12,281,0,225
2010,12,31,2100,-6,81,2,9,61,0,222
2010,12,31,2200,-7,82,1,5,359,0,218
2010,12,31,2300,-5,83,5,12,237,0,223
2010,12,31,2400,-5,82,4,12,268,0,228
2011,1,1,100,-5,82,2,8,280,0,227
2011,1,1,200,-5,82,3,9,269,0,226
2011,1,1,300,-6,82,2,7,278,0,226
2011,1,1,400,-5,81,3,12,261,0,225
2011,1,1,500,-6,82,3,9,236,0,224
2011,1,1,600,-5,82,3,9,216,0,226
2011,1,1,700,-5,82,2,5,202,0,225
2011,1,1,800,-5,81,4,10,229,0,225
2011,1,1,900,-5,81,6,12,240,4,227
2011,1,1,1000,-4,80,6,12,259,15,232
2011,1,1,1100,1,82,3,15,239,35,246
2011,1,1,1200,3,80,3,9,269,52,257
2011,1,1,1300,3,82,5,13,235,60,255
2011,1,1,1400,3,80,6,14,247,61,251
2011,1,1,1500,3,78,8,18,245,44,249
2011,1,1,1600,3,75,8,16,247,10,245
2011,1,1,1700,4,76,9,21,269,4,248
2011,1,1,1800,5,71,9,19,265,0,248
2011,1,1,1900,6,74,10,21,259,0,250
2011,1,1,2000,6,77,8,16,258,0,250
2011,1,1,2100,7,81,7,18,255,0,252
2011,1,1,2200,7,82,5,15,251,0,253
2011,1,1,2300,6,82,7,19,263,0,253
2011,1,1,2400,7,82,5,18,278,0,254
2011,1,2,100,9,78,6,19,284,0,256
2011,1,2,200,9,81,6,17,295,0,258
2011,1,2,300,9,80,3,10,21,0,257
2011,1,2,400,10,73,4,18,342,0,259
2011,1,2,500,12,66,6,22,326,0,261
2011,1,2,600,11,66,5,15,23,0,261
2011,1,2,700,11,71,4,17,344,0,261
2011,1,2,800,9,69,5,10,83,0,257
2011,1,2,900,11,66,6,15,297,1,259
2011,1,2,1000,10,79,5,14,255,7,260
2011,1,2,1100,8,83,4,14,28,17,259
2011,1,2,1200,9,83,5,14,308,22,259
2011,1,2,1300,10,84,6,19,275,23,260
2011,1,2,1400,11,80,5,12,301,44,264
2011,1,2,1500,11,80,5,13,294,124,251
2011,1,2,1600,10,78,8,17,284,85,231
2011,1,2,1700,9,89,7,15,303,24,235
2011,1,2,1800,9,80,15,33,285,0,241
2011,1,2,1900,10,77,24,35,281,0,228
2011,1,2,2000,10,78,23,35,284,0,231
2011,1,2,2100,10,79,21,33,287,0,230
2011,1,2,2200,10,82,20,34,288,0,231
2011,1,2,2300,9,83,13,23,276,0,228
2011,1,2,2400,9,79,15,31,277,0,214
2011,1,3,100,9,83,13,29,271,0,233
2011,1,3,200,9,81,14,26,287,0,233
2011,1,3,300,8,82,15,28,289,0,231
2011,1,3,400,8,82,18,29,287,0,188
2011,1,3,500,8,82,17,26,282,0,172
2011,1,3,600,7,84,13,30,293,0,167
2011,1,3,700,7,83,13,22,288,0,162
2011,1,3,800,6,85,14,21,283,0,157
2011,1,3,900,6,86,14,21,283,18,158
2011,1,3,1000,7,76,8,17,268,161,164
2011,1,3,1100,10,72,8,15,269,382,169
2011,1,3,1200,11,70,7,14,253,431,171
2011,1,3,1300,12,68,6,11,239,409,175
2011,1,3,1400,14,56,4,8,268,351,175
2011,1,3,1500,15,65,4,9,214,231,172
2011,1,3,1600,12,64,5,12,233,30,164
2011,1,3,1700,11,74,3,5,127,9,162
2011,1,3,1800,11,57,5,13,211,0,164
2011,1,3,1900,11,55,4,11,266,0,165
2011,1,3,2000,11,66,1,3,43,0,166
2011,1,3,2100,10,63,2,5,12,0,168
2011,1,3,2200,12,57,4,13,229,0,177
2011,1,3,2300,13,59,8,18,240,0,182
2011,1,3,2400,13,62,10,17,236,0,172
2011,1,4,100,13,59,10,18,229,0,170
2011,1,4,200,12,62,4,16,254,0,168
2011,1,4,300,13,63,4,11,277,0,174
2011,1,4,400,13,59,7,21,244,0,206
2011,1,4,500,14,59,11,21,249,0,231
2011,1,4,600,14,64,9,20,248,0,254
2011,1,4,700,14,59,7,16,243,0,235
2011,1,4,800,14,65,8,19,250,0,215
2011,1,4,900,12,66,3,11,103,15,194
2011,1,4,1000,14,60,2,6,39,115,200
2011,1,4,1100,15,65,3,8,92,169,211
2011,1,4,1200,16,65,4,12,46,291,219
2011,1,4,1300,15,79,4,14,309,154,260
2011,1,4,1400,15,82,4,11,310,140,264
2011,1,4,1500,16,79,5,12,318,144,256
2011,1,4,1600,17,72,11,25,292,80,224
2011,1,4,1700,17,80,11,22,285,15,249
2011,1,4,1800,17,86,12,21,272,0,272
2011,1,4,1900,16,84,9,19,293,0,273
2011,1,4,2000,17,93,11,27,287,0,273
2011,1,4,2100,17,89,10,28,284,0,275
2011,1,4,2200,18,88,10,23,286,0,274
2011,1,4,2300,18,81,12,32,285,0,275
2011,1,4,2400,18,81,19,38,285,0,275
2011,1,5,100,18,82,16,33,286,0,272
2011,1,5,200,18,81,13,38,272,0,261
2011,1,5,300,18,81,10,23,257,0,267
2011,1,5,400,17,82,8,25,271,0,269
2011,1,5,500,16,83,14,28,290,0,270
2011,1,5,600,16,82,11,31,285,0,271
2011,1,5,700,17,80,13,37,256,0,270
2011,1,5,800,17,84,9,25,246,0,270
2011,1,5,900,17,85,8,29,251,7,271
2011,1,5,1000,17,86,14,35,204,53,272
2011,1,5,1100,18,79,20,38,238,258,270
2011,1,5,1200,21,80,21,37,272,354,251
2011,1,5,1300,21,80,21,38,284,168,246
2011,1,5,1400,21,79,19,34,289,156,254
2011,1,5,1500,22,77,22,40,283,117,243
2011,1,5,1600,22,80,11,30,290,73,262
2011,1,5,1700,21,82,9,21,278,10,278
2011,1,5,1800,20,84,9,20,270,0,276
2011,1,5,1900,21,84,9,22,245,0,277
2011,1,5,2000,22,83,9,27,294,0,280
2011,1,5,2100,23,81,12,26,278,0,276
2011,1,5,2200,23,85,13,25,284,0,278
2011,1,5,2300,25,80,11,24,291,0,286
2011,1,5,2400,25,83,12,27,252,0,287
2011,1,6,100,24,83,19,33,229,0,279
2011,1,6,200,26,79,19,40,259,0,267
2011,1,6,300,27,81,15,32,262,0,256
2011,1,6,400,28,87,16,36,292,0,252
2011,1,6,500,29,81,25,46,281,0,256
2011,1,6,600,28,79,23,40,286,0,267
2011,1,6,700,29,83,24,41,283,0,264
2011,1,6,800,27,88,15,31,293,0,283
2011,1,6,900,28,79,5,20,360,8,290
2011,1,6,1000,29,81,7,18,220,63,281
2011,1,6,1100,29,83,8,25,204,110,284
2011,1,6,1200,30,81,7,20,88,191,288
2011,1,6,1300,30,82,6,17,84,171,294
2011,1,6,1400,29,85,7,24,349,145,299
2011,1,6,1500,29,84,7,28,238,96,298
2011,1,6,1600,29,84,7,22,50,117,297
2011,1,6,1700,29,84,6,19,43,16,295
2011,1,6,1800,28,86,7,23,322,1,295
2011,1,6,1900,29,85,7,17,276,0,297
2011,1,6,2000,28,94,5,20,71,0,297
2011,1,6,2100,30,87,14,33,292,0,299
2011,1,6,2200,30,95,10,28,293,0,298
2011,1,6,2300,29,88,11,24,293,0,298
2011,1,6,2400,29,89,11,25,292,0,292
2011,1,7,100,28,93,11,23,292,0,297
2011,1,7,200,28,93,14,22,281,0,296
2011,1,7,300,28,93,12,26,284,0,243
2011,1,7,400,27,91,10,17,279,0,242
2011,1,7,500,28,87,12,21,286,0,236
2011,1,7,600,28,91,6,20,345,0,270
2011,1,7,700,27,89,7,16,289,0,275
2011,1,7,800,27,93,5,19,267,0,280
2011,1,7,900,28,88,3,9,267,19,293
2011,1,7,1000,29,86,6,13,274,93,294
2011,1,7,1100,31,88,5,10,274,151,298
2011,1,7,1200,30,90,4,14,356,95,302
2011,1,7,1300,31,84,7,24,264,134,301
2011,1,7,1400,32,85,6,21,289,218,300
2011,1,7,1500,32,82,6,21,328,141,293
2011,1,7,1600,32,81,6,21,344,54,292
2011,1,7,1700,32,76,7,18,279,18,295
2011,1,7,1800,33,77,9,24,301,0,291
2011,1,7,1900,31,77,7,15,58,0,264
2011,1,7,2000,30,76,8,16,72,0,277
2011,1,7,2100,29,73,5,21,350,0,274
2011,1,7,2200,29,71,5,17,22,0,282
2011,1,7,2300,29,73,7,16,72,0,276
2011,1,7,2400,29,63,8,17,82,0,273
2011,1,8,100,29,64,8,17,73,0,274
2011,1,8,200,28,73,7,14,69,0,277
2011,1,8,300,28,67,11,23,190,0,279
2011,1,8,400,26,78,7,20,182,0,288
2011,1,8,500,26,83,4,17,61,0,287
2011,1,8,1900,7,81,14,20,285,0,239
2011,1,8,2000,6,78,14,22,282,0,224
2011,1,8,2100,5,81,13,22,279,0,220
2011,1,8,2200,4,78,17,23,279,0,195
2011,1,8,2300,4,76,15,22,288,0,193
2011,1,8,2400,3,82,15,24,285,0,216
2011,1,9,100,3,79,10,22,284,0,200
2011,1,9,200,2,76,7,11,258,0,146
2011,1,9,300,2,71,7,13,261,0,173
2011,1,9,400,3,78,5,11,268,0,203
2011,1,9,500,2,79,9,14,278,0,161
2011,1,9,600,1,85,8,15,274,0,151
2011,1,9,700,0,82,6,11,265,0,157
2011,1,9,800,1,82,7,15,272,0,199
2011,1,9,900,2,78,12,21,282,20,224
2011,1,9,1000,3,78,6,16,284,84,228
2011,1,9,1100,3,73,4,13,266,146,221
2011,1,9,1200,4,72,6,14,284,241,217
2011,1,9,1300,4,67,8,16,285,223,214
2011,1,9,1400,3,71,6,15,310,173,199
2011,1,9,1500,3,71,6,14,303,171,205
2011,1,9,1600,3,80,6,10,307,97,205
2011,1,9,1700,3,82,2,8,330,36,214
2011,1,9,1800,2,80,4,11,229,0,208
2011,1,9,1900,1,83,6,16,202,0,172
2011,1,9,2000,1,81,3,12,270,0,185
2011,1,9,2100,1,79,3,13,316,0,188
2011,1,9,2200,0,81,3,10,274,0,195
2011,1,9,2300,-0,80,3,10,152,0,202
2011,1,9,2400,-1,82,3,13,172,0,197
2011,1,10,100,-3,83,4,18,201,0,202
2011,1,10,200,-4,82,3,11,297,0,205
2011,1,10,300,-4,82,2,9,353,0,217
2011,1,10,400,-4,79,2,7,310,0,226
2011,1,10,500,-5,82,2,8,351,0,222
2011,1,10,600,-5,81,4,11,276,0,218
2011,1,10,700,-7,75,2,8,286,0,203
2011,1,10,800,-11,82,2,8,194,0,207
2011,1,10,900,-11,79,3,8,279,19,206
2011,1,10,1000,-10,78,5,9,267,60,205
2011,1,10,1100,-9,78,7,12,282,122,196
2011,1,10,1200,-9,78,10,15,283,169,202
2011,1,10,1300,-7,76,10,16,282,189,197
2011,1,10,1400,-6,74,11,18,286,166,185
2011,1,10,1500,-5,76,11,19,288,145,191
2011,1,10,1600,-6,79,13,25,289,66,168
2011,1,10,1700,-6,76,16,28,280,19,148
2011,1,10,1800,-6,76,12,25,289,0,144
2011,1,10,1900,-6,72,14,26,283,0,138
2011,1,10,2000,-5,71,13,27,277,0,140
2011,1,10,2100,-4,73,14,24,280,0,162
2011,1,10,2200,-4,74,15,26,278,0,199
2011,1,10,2300,-4,79,10,20,285,0,198
2011,1,10,2400,-3,68,11,26,280,0,175
2011,1,11,100,-2,70,10,23,265,0,206
2011,1,11,200,-2,69,9,19,274,0,204
2011,1,11,300,-2,70,10,20,282,0,209
2011,1,11,400,-1,71,10,25,280,0,208
2011,1,11,500,-1,76,7,19,288,0,202
2011,1,11,600,-1,74,6,16,256,0,196
2011,1,11,700,-2,77,6,19,258,0,196
2011,1,11,800,-2,77,4,12,301,0,149
2011,1,11,900,-1,70,4,14,175,20,139
2011,1,11,1000,1,68,5,15,182,144,145
2011,1,11,1100,2,72,3,12,77,345,155
2011,1,11,1200,2,70,3,7,51,436,157
2011,1,11,1300,6,53,6,17,193,430,162
2011,1,11,1400,7,43,8,16,195,367,162
2011,1,11,1500,9,73,5,14,186,281,162
2011,1,11,1600,5,62,3,7,295,40,152
2011,1,11,1700,4,75,2,9,260,17,170
2011,1,11,1800,4,79,3,12,181,0,202
2011,1,11,1900,2,76,3,7,116,0,208
2011,1,11,2000,2,85,2,6,102,0,178
2011,1,11,2100,1,82,2,5,109,0,208
2011,1,11,2200,2,79,2,6,110,0,231
2011,1,11,2300,2,69,2,7,96,0,209
2011,1,11,2400,2,67,3,6,96,0,205
2011,1,12,100,3,64,2,6,100,0,236
2011,1,12,200,4,65,3,7,96,0,229
2011,1,12,300,6,82,2,6,67,1,241
2011,1,12,400,5,80,3,14,116,0,231
2011,1,12,500,8,82,4,15,135,1,246
2011,1,12,600,11,83,5,13,102,1,264
2011,1,12,700,15,83,6,15,119,1,269
2011,1,12,800,17,78,7,17,134,1,266
2011,1,12,900,15,86,4,17,133,20,253
2011,1,12,1000,13,84,3,9,63,59,264
2011,1,12,1100,16,80,5,15,124,100,270
2011,1,12,1200,18,84,6,20,90,110,277
2011,1,12,1300,18,87,6,17,68,109,277
2011,1,12,1400,21,80,6,19,92,115,272
2011,1,12,1500,20,82,6,19,47,85,272
2011,1,12,1600,23,79,8,26,70,63,268
2011,1,12,1700,23,79,10,36,66,16,270
2011,1,12,1800,23,81,13,32,62,0,259
2011,1,12,1900,23,81,9,27,12,0,270
2011,1,12,2000,23,81,9,26,50,0,272
2011,1,12,2100,24,81,9,37,343,0,274
2011,1,12,2200,24,80,13,28,52,0,262
2011,1,12,2300,24,82,11,34,62,0,262
2011,1,12,2400,24,82,9,32,60,0,270
2011,1,13,100,24,82,9,28,32,0,265
2011,1,13,200,24,81,10,27,37,0,260
2011,1,13,300,24,84,8,29,64,0,262
2011,1,13,400,24,82,8,22,76,0,261
2011,1,13,500,25,81,10,20,74,0,213
2011,1,13,600,24,80,9,26,73,0,238
2011,1,13,700,25,76,7,21,109,0,282
2011,1,13,800,26,77,5,16,47,0,285
2011,1,13,900,26,73,5,16,359,15,287
2011,1,13,1000,27,74,5,11,39,74,282
2011,1,13,1100,27,78,5,13,39,90,288
2011,1,13,1200,27,79,6,21,99,116,289
2011,1,13,1300,27,80,7,27,123,146,285
2011,1,13,1400,28,75,7,22,88,173,281
2011,1,13,1500,27,86,6,15,48,99,289
2011,1,13,1600,26,88,4,12,40,60,289
2011,1,13,1700,25,90,7,16,41,17,289
2011,1,13,1800,25,86,5,20,45,0,288
2011,1,13,1900,26,88,9,29,276,0,289
2011,1,13,2000,26,86,11,33,222,0,287
2011,1,13,2100,26,87,10,27,188,0,271
2011,1,13,2200,26,85,7,23,243,0,284
2011,1,13,2300,26,87,8,27,174,0,285
2011,1,13,2400,25,86,8,24,307,0,270
2011,1,14,100,25,84,8,24,283,0,257
2011,1,14,200,26,82,7,26,338,0,277
2011,1,14,300,26,82,9,23,2,0,276
2011,1,14,400,26,86,8,30,345,0,288
2011,1,14,500,26,80,8,25,312,0,287
2011,1,14,600,27,77,12,29,315,0,283
2011,1,14,700,27,74,13,43,305,0,281
2011,1,14,800,27,74,13,36,293,0,276
2011,1,14,900,27,75,12,33,300,16,268
2011,1,14,1000,27,75,7,24,304,75,277
2011,1,14,1100,27,73,7,29,311,171,274
2011,1,14,1200,28,70,9,30,331,154,278
2011,1,14,1300,28,68,8,24,313,206,268
2011,1,14,1400,28,73,6,18,3,162,280
2011,1,14,1500,27,71,9,22,55,98,279
2011,1,14,1600,27,75,9,37,74,68,278
2011,1,14,1700,27,77,8,29,301,21,271
2011,1,14,1800,28,75,7,22,35,0,268
2011,1,14,1900,29,76,7,21,357,0,281
2011,1,14,2000,30,78,10,30,312,0,275
2011,1,14,2100,29,83,7,25,353,0,282
2011,1,14,2200,29,82,10,33,56,0,262
2011,1,14,2300,29,81,9,29,351,0,238
2011,1,14,2400,30,80,9,31,267,0,260
2011,1,15,100,29,82,9,31,244,0,264
2011,1,15,200,28,82,8,29,121,0,230
2011,1,15,300,28,79,7,19,97,0,221
2011,1,15,400,27,82,8,30,135,0,236
2011,1,15,500,26,71,7,21,60,0,265
2011,1,15,600,26,73,11,32,288,0,253
2011,1,15,700,26,68,12,30,280,0,239
2011,1,15,800,26,72,11,35,248,0,218
2011,1,15,900,25,73,6,20,15,20,224
2011,1,15,1000,25,60,10,30,270,94,227
2011,1,15,1100,27,59,12,36,276,129,248
2011,1,15,1200,27,66,15,35,256,152,267
2011,1,15,1300,26,79,6,22,253,122,281
2011,1,15,1400,24,80,6,20,1,114,285
2011,1,15,1500,25,83,7,21,255,51,282
2011,1,15,1600,25,79,11,30,260,37,281
2011,1,15,1700,25,70,11,29,265,14,246
2011,1,15,1800,24,75,10,32,33,0,232
2011,1,15,1900,24,77,7,22,334,0,254
2011,1,15,2000,24,73,7,22,37,0,223
2011,1,15,2100,24,62,9,29,289,0,223
2011,1,15,2200,25,63,8,27,293,0,224
2011,1,15,2300,24,63,7,18,83,0,235
2011,1,15,2400,25,62,5,11,95,0,258
2011,1,16,100,24,89,4,12,36,0,283
2011,1,16,200,22,95,4,9,42,0,285
2011,1,16,300,22,96,7,17,68,0,287
2011,1,16,400,23,93,7,16,62,0,289
2011,1,16,500,26,93,7,18,58,0,293
2011,1,16,600,26,93,9,24,53,0,294
2011,1,16,700,26,89,8,23,52,0,293
2011,1,16,800,27,88,10,37,218,0,290
2011,1,16,900,28,90,10,32,195,11,296
2011,1,16,1000,30,87,9,30,98,40,302
2011,1,16,1100,29,93,8,20,20,69,303
2011,1,16,1200,30,90,8,28,29,95,306
2011,1,16,1300,31,90,8,31,14,109,306
2011,1,16,1400,31,87,8,31,333,102,306
2011,1,16,1500,32,87,8,31,308,86,306
2011,1,16,1600,31,92,8,34,353,55,305
2011,1,16,1700,31,91,9,25,332,13,305
2011,1,16,1800,31,90,10,33,293,0,306
2011,1,16,1900,32,88,10,35,293,0,306
2011,1,16,2000,32,90,13,38,274,0,305
2011,1,16,2100,32,86,15,46,267,0,307
2011,1,16,2200,33,77,17,44,271,0,305
2011,1,16,2300,32,85,18,51,288,0,302
2011,1,16,2400,31,80,18,51,269,0,301
2011,1,17,100,31,74,19,49,276,0,287
2011,1,17,200,30,76,18,57,279,0,290
2011,1,17,300,29,81,15,43,279,0,293
2011,1,17,400,29,73,16,45,270,0,291
2011,1,17,500,28,74,17,41,263,0,288
2011,1,17,600,28,74,12,40,282,0,286
2011,1,17,700,28,74,10,28,304,0,287
2011,1,17,800,28,77,9,26,274,0,286
2011,1,17,900,27,77,8,24,267,5,286
2011,1,17,1000,26,80,7,20,233,21,286
2011,1,17,1100,26,80,7,23,119,52,287
2011,1,17,1200,26,86,8,24,318,96,289
2011,1,17,1300,25,85,8,22,299,115,292
2011,1,17,1400,26,80,7,27,323,116,290
2011,1,17,1500,26,79,10,30,267,98,288
2011,1,17,1600,26,87,17,41,294,59,289
2011,1,17,1700,26,80,27,47,286,23,279
2011,1,17,1800,25,82,34,52,285,1,257
2011,1,17,1900,24,81,30,50,283,0,266
2011,1,17,2000,24,81,26,45,285,0,255
2011,1,17,2100,24,87,14,38,298,0,264
2011,1,17,2200,23,67,22,46,296,0,241
2011,1,17,2300,23,80,8,28,265,0,256
2011,1,17,2400,21,90,8,32,231,0,248
2011,1,18,100,21,85,7,25,11,0,269
2011,1,18,200,20,79,10,25,291,0,264
2011,1,18,300,20,80,9,28,270,0,226
2011,1,18,400,20,82,9,29,206,0,218
2011,1,18,500,19,83,9,32,211,0,254
2011,1,18,600,18,80,6,20,219,0,257
2011,1,18,700,18,77,7,27,190,0,225
2011,1,18,800,18,76,8,25,256,0,237
2011,1,18,900,17,75,8,31,275,19,238
2011,1,18,1000,18,64,9,30,298,49,241
2011,1,18,1100,19,59,11,33,262,75,242
2011,1,18,1200,20,63,9,31,243,138,245
2011,1,18,1300,20,59,6,24,103,248,240
2011,1,18,1400,20,60,6,22,130,209,247
2011,1,18,1500,20,56,6,17,149,113,252
2011,1,18,1600,20,65,4,17,355,53,264
2011,1,18,1700,18,89,4,13,343,11,270
2011,1,18,1800,17,91,2,7,43,0,270
2011,1,18,1900,16,92,3,7,75,0,265
2011,1,18,2000,16,92,2,7,97,0,272
2011,1,18,2100,16,89,1,8,282,0,273
2011,1,18,2200,16,88,3,9,253,0,272
2011,1,18,2300,16,87,7,13,235,0,272
2011,1,18,2400,15,87,7,13,230,0,272
2011,1,19,100,16,90,5,13,280,0,272
2011,1,19,200,15,92,7,15,284,0,272
2011,1,19,300,14,92,4,9,294,0,269
2011,1,19,400,13,90,8,16,287,0,267
2011,1,19,500,13,91,13,19,284,0,246
2011,1,19,600,12,88,14,22,292,0,246
2011,1,19,700,12,91,13,20,289,0,239
2011,1,19,800,12,91,14,24,282,0,250
2011,1,19,900,11,88,18,26,297,17,249
2011,1,19,1000,11,90,19,29,292,74,246
2011,1,19,1100,11,88,16,24,282,81,261
2011,1,19,1200,11,87,16,25,284,152,252
2011,1,19,1300,11,89,16,24,291,200,252
2011,1,19,1400,10,81,21,28,292,159,197
2011,1,19,1500,9,72,19,31,292,339,170
2011,1,19,1600,8,70,16,24,281,41,150
2011,1,19,1700,8,69,16,25,274,17,153
2011,1,19,1800,7,67,17,29,286,1,154
2011,1,19,1900,6,75,19,27,290,0,169
2011,1,19,2000,6,73,16,23,277,0,184
2011,1,19,2100,6,73,12,20,279,0,181
2011,1,19,2200,6,75,14,24,283,0,172
2011,1,19,2300,5,72,11,27,287,0,167
2011,1,19,2400,4,79,5,17,280,0,160
2011,1,20,100,4,72,5,16,230,0,153
2011,1,20,200,3,67,4,17,239,0,154
2011,1,20,300,3,79,9,23,225,0,157
2011,1,20,400,3,70,13,23,216,0,158
2011,1,20,500,4,67,9,17,237,0,159
2011,1,20,600,4,59,10,19,246,0,164
2011,1,20,700,6,57,9,18,268,0,168
2011,1,20,800,6,67,7,18,270,0,173
2011,1,20,900,9,50,7,24,272,31,197
2011,1,20,1000,12,57,8,24,273,108,246
2011,1,20,1100,14,61,7,24,267,69,266
2011,1,20,1200,17,64,9,27,329,78,269
2011,1,20,1300,19,70,8,27,357,94,274
2011,1,20,1400,17,74,9,29,68,93,271
2011,1,20,1500,18,77,9,28,82,89,273
2011,1,20,1600,18,83,10,33,216,66,274
2011,1,20,1700,18,91,7,27,32,19,273
2011,1,20,1800,17,87,7,27,34,1,273
2011,1,20,1900,18,90,11,30,245,0,275
2011,1,20,2000,19,85,13,43,250,0,276
2011,1,20,2100,20,87,23,45,289,0,280
2011,1,20,2200,20,85,24,48,288,0,279
2011,1,20,2300,21,86,28,56,284,0,278
2011,1,20,2400,21,83,27,51,282,0,278
2011,1,21,100,20,85,32,59,285,0,277
2011,1,21,200,20,84,28,59,290,0,271
2011,1,21,300,20,82,27,52,289,0,271
2011,1,21,400,19,83,26,46,282,0,270
2011,1,21,500,20,79,25,42,287,0,263
2011,1,21,600,20,78,18,41,282,0,242
2011,1,21,700,19,76,17,35,275,0,203
2011,1,21,800,19,78,14,31,279,2,200
2011,1,21,900,20,73,19,31,269,39,213
2011,1,21,1000,21,63,22,37,280,116,201
2011,1,21,1100,22,65,14,31,273,343,201
2011,1,21,1200,23,71,9,22,254,408,208
2011,1,21,1300,23,76,7,24,227,246,245
2011,1,21,1400,23,76,5,11,59,137,274
2011,1,21,1500,24,74,5,14,35,145,274
2011,1,21,1600,24,76,6,14,49,93,268
2011,1,21,1700,23,81,7,16,68,34,278
2011,1,21,1800,20,81,7,16,105,1,281
2011,1,21,1900,24,88,7,23,139,0,287
2011,1,21,2000,24,90,12,40,178,0,287
2011,1,21,2100,23,89,9,30,153,0,288
2011,1,21,2200,23,89,11,35,176,0,287
2011,1,21,2300,24,86,21,50,270,0,287
2011,1,21,2400,24,86,18,50,289,0,279
2011,1,22,100,23,81,15,40,270,0,273
2011,1,22,200,20,88,23,60,281,0,279
2011,1,22,300,19,82,31,69,291,0,268
2011,1,22,400,18,85,33,54,281,0,271
2011,1,22,500,18,81,35,64,287,0,240
2011,1,22,600,17,77,26,47,285,0,258
2011,1,22,700,17,68,22,39,283,0,236
2011,1,22,800,16,69,26,42,297,1,236
2011,1,22,900,15,73,27,48,294,33,252
2011,1,22,1000,15,79,20,31,291,96,258
2011,1,22,1100,15,83,19,32,296,109,262
2011,1,22,1200,15,85,17,30,292,141,266
2011,1,22,1300,16,88,15,29,292,214,265
2011,1,22,1400,16,83,15,29,298,168,242
2011,1,22,1500,17,74,14,25,280,206,242
2011,1,22,1600,16,72,12,20,268,92,210
2011,1,22,1700,16,76,12,29,282,26,177
2011,1,22,1800,16,74,15,34,278,2,172
2011,1,22,1900,15,78,16,34,278,0,173
2011,1,22,2000,15,71,9,27,237,0,173
2011,1,22,2100,14,80,10,18,275,0,174
2011,1,22,2200,14,70,7,18,248,0,188
2011,1,22,2300,14,63,9,20,249,0,190
2011,1,22,2400,15,62,13,25,267,0,198
2011,1,23,100,15,61,12,21,255,0,194
2011,1,23,200,16,51,11,24,262,0,178
2011,1,23,300,17,41,7,19,251,0,190
2011,1,23,400,19,44,6,15,252,0,228
2011,1,23,500,19,53,6,19,340,0,250
2011,1,23,600,20,42,5,17,354,0,260
2011,1,23,700,22,32,8,30,261,0,266
2011,1,23,800,23,35,12,34,296,0,269
2011,1,23,900,23,39,17,31,256,12,270
2011,1,23,1000,23,38,15,35,240,76,269
2011,1,23,1100,22,42,9,30,161,155,258
2011,1,23,1200,22,50,9,23,63,255,231
2011,1,23,1300,23,52,9,28,23,388,209
2011,1,23,1400,24,57,9,24,42,310,213
2011,1,23,1500,23,66,13,41,178,272,209
2011,1,23,1600,22,74,7,29,241,69,272
2011,1,23,1700,22,77,9,26,220,24,277
2011,1,23,1800,22,79,17,44,288,1,270
2011,1,23,1900,21,85,22,40,290,0,280
2011,1,23,2000,21,93,29,55,286,0,278
2011,1,23,2100,19,78,32,50,302,0,268
2011,1,23,2200,17,77,28,49,297,0,240
2011,1,23,2300,16,83,24,37,294,0,257
2011,1,23,2400,16,88,20,31,294,0,256
2011,1,24,100,15,86,18,28,294,0,235
2011,1,24,200,15,85,13,20,289,0,217
2011,1,24,300,14,77,15,21,274,0,177
2011,1,24,400,14,72,9,20,265,0,163
2011,1,24,500,13,66,5,10,244,0,158
2011,1,24,600,13,67,2,7,247,0,157
2011,1,24,700,13,69,6,14,226,0,161
2011,1,24,800,14,60,7,12,218,0,160
2011,1,24,900,16,41,3,7,237,21,162
2011,1,24,1000,19,32,3,9,283,86,167
2011,1,24,1100,22,45,3,6,5,266,203
2011,1,24,1200,20,33,7,12,235,350,194
2011,1,24,1300,22,27,8,16,226,477,180
2011,1,24,1400,24,24,6,15,237,422,179
2011,1,24,1500,24,22,8,14,227,376,181
2011,1,24,1600,24,20,8,16,216,84,176
2011,1,24,1700,24,29,7,16,253,26,181
2011,1,24,1800,23,28,7,21,269,2,207
2011,1,24,1900,23,32,9,16,220,0,215
2011,1,24,2000,22,64,6,19,212,0,273
2011,1,24,2100,19,89,5,15,306,0,278
2011,1,24,2200,16,91,3,11,66,0,277
2011,1,24,2300,16,93,2,7,28,0,274
2011,1,24,2400,20,94,4,13,279,0,281
2011,1,25,100,22,93,7,17,234,0,288
2011,1,25,200,21,94,4,19,137,0,287
2011,1,25,300,19,96,2,5,157,0,282
2011,1,25,400,20,94,2,4,96,0,284
2011,1,25,500,20,95,2,7,278,0,285
2011,1,25,600,21,96,7,12,274,0,286
2011,1,25,700,22,94,8,19,282,0,289
2011,1,25,800,22,91,9,19,280,0,289
2011,1,25,900,22,92,11,21,284,13,283
2011,1,25,1000,23,83,9,20,276,74,268
2011,1,25,1100,23,83,9,18,280,134,279
2011,1,25,1200,24,81,7,13,261,150,255
2011,1,25,1300,24,84,11,20,280,122,281
2011,1,25,1400,23,90,9,17,275,90,282
2011,1,25,1500,22,91,9,17,271,64,283
2011,1,25,1600,22,85,10,17,270,46,285
2011,1,25,1700,23,89,10,17,277,16,284
2011,1,25,1800,22,91,13,22,280,3,284
2011,1,25,1900,22,93,15,26,289,0,284
2011,1,25,2000,22,92,18,31,294,0,283
2011,1,25,2100,21,90,16,27,295,0,274
2011,1,25,2200,21,83,9,15,271,0,258
2011,1,25,2300,21,83,9,15,255,0,202
2011,1,25,2400,21,85,13,21,257,0,193
2011,1,26,100,20,85,10,22,262,0,185
2011,1,26,200,20,80,11,24,270,0,176
2011,1,26,300,20,78,7,15,255,0,186
2011,1,26,400,19,92,9,18,236,0,184
2011,1,26,500,20,65,12,21,246,0,176
2011,1,26,600,20,81,5,13,267,0,176
2011,1,26,700,19,52,1,6,263,0,177
2011,1,26,800,21,55,11,21,266,1,179
2011,1,26,900,22,49,14,22,280,25,188
2011,1,26,1000,24,43,15,24,288,51,195
2011,1,26,1100,26,35,16,29,289,329,207
2011,1,26,1200,27,41,10,20,299,434,211
2011,1,26,1300,28,40,14,24,295,466,214
2011,1,26,1400,29,50,13,29,290,402,217
2011,1,26,1500,29,55,13,28,287,231,272
2011,1,26,1600,29,63,13,25,289,79,264
2011,1,26,1700,29,61,13,28,292,42,247
2011,1,26,1800,29,66,16,27,283,2,268
2011,1,26,1900,29,68,22,37,278,0,287
2011,1,26,2000,29,63,32,49,279,0,288
2011,1,26,2100,29,58,22,39,286,0,254
2011,1,26,2200,27,66,13,30,281,0,242
2011,1,26,2300,26,68,9,21,284,0,233
2011,1,26,2400,27,71,11,20,289,0,228
2011,1,27,100,26,65,11,28,289,0,228
2011,1,27,200,28,68,15,32,287,0,211
2011,1,27,300,27,68,7,20,304,0,205
2011,1,27,400,26,68,7,19,294,0,208
2011,1,27,500,25,65,10,20,288,0,207
2011,1,27,600,26,64,14,22,284,0,214
2011,1,27,700,28,59,16,27,281,0,219
2011,1,27,800,27,50,12,24,280,0,217
2011,1,27,900,30,55,16,29,279,45,241
2011,1,27,1000,32,47,24,39,277,88,224
2011,1,27,1100,34,28,25,40,277,320,217
2011,1,27,1200,36,42,23,41,280,479,236
2011,1,27,1300,35,31,27,49,286,194,263
2011,1,27,1400,36,24,29,45,281,133,281
2011,1,27,1500,37,19,25,43,285,119,279
2011,1,27,1600,37,27,12,27,286,81,266
2011,1,27,1700,36,26,8,21,282,33,249
2011,1,27,1800,36,29,9,27,294,2,245
2011,1,27,1900,35,33,8,25,297,0,243
2011,1,27,2000,34,30,5,15,56,0,233
2011,1,27,2100,33,36,4,12,51,0,221
2011,1,27,2200,32,36,5,13,76,0,241
2011,1,27,2300,32,38,3,13,62,0,248
2011,1,27,2400,32,39,4,11,98,0,252
2011,1,28,100,32,42,4,9,122,0,251
2011,1,28,200,31,41,4,8,89,0,254
2011,1,28,300,34,36,6,19,292,0,266
2011,1,28,400,33,48,7,18,294,0,257
2011,1,28,500,30,50,5,14,56,0,247
2011,1,28,600,31,34,4,13,43,0,255
2011,1,28,700,34,34,7,18,280,0,265
2011,1,28,800,33,36,5,17,282,0,229
2011,1,28,900,32,55,5,12,32,24,207
2011,1,28,1000,28,53,4,9,86,103,206
2011,1,28,1100,30,50,5,12,83,313,215
2011,1,28,1200,30,54,4,9,62,443,217
2011,1,28,1300,32,44,4,10,49,475,220
2011,1,28,1400,35,31,4,16,31,414,224
2011,1,28,1500,35,58,3,8,89,283,218
2011,1,28,1600,33,35,4,13,295,90,239
2011,1,28,1700,34,43,4,15,343,52,236
2011,1,28,1800,33,39,6,19,117,4,224
2011,1,28,1900,32,45,6,19,226,0,241
2011,1,28,2000,30,44,5,17,100,0,229
2011,1,28,2100,30,49,4,17,110,0,234
2011,1,28,2200,29,50,7,24,313,0,203
2011,1,28,2300,28,54,7,26,343,0,199
2011,1,28,2400,27,59,7,23,45,0,216
2011,1,29,100,26,63,7,30,312,0,267
2011,1,29,200,25,65,7,22,265,0,271
2011,1,29,300,24,67,8,22,298,0,238
2011,1,29,400,24,66,8,19,286,0,213
2011,1,29,500,23,69,6,16,264,0,215
2011,1,29,600,22,69,9,20,201,0,233
2011,1,29,700,22,69,3,9,123,0,225
2011,1,29,800,21,69,4,11,157,1,191
2011,1,29,900,22,65,4,10,100,39,222
2011,1,29,1000,23,64,4,10,76,108,252
2011,1,29,1100,24,60,5,12,63,249,244
2011,1,29,1200,27,49,5,13,43,470,221
2011,1,29,1300,28,47,6,15,20,342,253
2011,1,29,1400,29,43,6,18,25,488,249
2011,1,29,1500,29,44,6,14,35,196,265
2011,1,29,1600,28,51,7,16,39,120,268
2011,1,29,1700,28,47,6,16,36,42,267
2011,1,29,1800,27,54,4,8,81,2,272
2011,1,29,1900,27,42,4,15,45,0,275
2011,1,29,2000,26,52,3,7,33,0,274
2011,1,29,2100,24,52,2,7,67,0,266
2011,1,29,2200,25,67,3,9,55,0,254
2011,1,29,2300,25,45,4,14,86,0,249
2011,1,29,2400,26,48,5,16,148,0,262
2011,1,30,100,25,50,4,11,103,0,261
2011,1,30,200,25,50,5,16,76,0,262
2011,1,30,300,24,53,4,21,74,0,263
2011,1,30,400,23,57,5,13,35,0,247
2011,1,30,500,23,61,4,9,19,0,224
2011,1,30,600,22,66,4,11,322,0,221
2011,1,30,700,22,70,3,9,14,0,246
2011,1,30,800,21,77,5,17,207,1,224
2011,1,30,900,21,68,3,11,161,47,208
2011,1,30,1000,23,61,3,9,71,123,227
2011,1,30,1100,24,60,4,15,60,279,245
2011,1,30,1200,25,64,6,14,38,270,248
2011,1,30,1300,23,72,6,20,35,213,276
2011,1,30,1400,23,66,6,20,337,213,262
2011,1,30,1500,23,67,7,23,306,153,246
2011,1,30,1600,21,70,6,23,25,58,195
2011,1,30,1700,21,67,6,29,293,31,210
2011,1,30,1800,21,66,10,26,306,4,219
2011,1,30,1900,20,72,10,32,302,0,234
2011,1,30,2000,18,77,13,31,307,0,248
2011,1,30,2100,16,84,20,32,291,0,258
2011,1,30,2200,14,82,22,42,283,0,242
2011,1,30,2300,12,83,21,36,281,0,244
2011,1,30,2400,7,89,11,22,286,0,241
2011,1,31,100,4,88,11,17,276,0,243
2011,1,31,200,3,87,9,14,277,0,238
2011,1,31,300,2,86,12,20,276,0,236
2011,1,31,400,1,85,18,25,283,0,226
2011,1,31,500,-0,85,18,25,281,0,203
2011,1,31,600,-1,83,18,24,289,0,201
2011,1,31,700,-2,77,16,23,296,0,174
2011,1,31,800,-3,78,18,28,299,1,162
2011,1,31,900,-3,77,22,30,297,25,173
2011,1,31,1000,-4,74,21,31,293,88,171
2011,1,31,1100,-4,73,23,31,285,266,161
2011,1,31,1200,-4,69,16,26,286,454,165
2011,1,31,1300,-4,70,15,23,282,457,157
2011,1,31,1400,-5,77,19,26,281,275,161
2011,1,31,1500,-5,79,19,26,285,129,162
2011,1,31,1600,-6,78,17,27,289,90,152
2011,1,31,1700,-7,80,14,20,279,40,137
2011,1,31,1800,-8,73,11,17,263,4,126
2011,1,31,1900,-9,74,5,13,249,0,126
2011,1,31,2000,-11,78,2,5,205,0,131
2011,1,31,2100,-12,80,2,4,199,0,131
2011,1,31,2200,-12,81,2,3,247,0,136
2011,1,31,2300,-12,76,2,6,288,0,130
2011,1,31,2400,-14,79,2,5,335,0,131
2011,2,1,100,-14,77,3,8,344,0,136
2011,2,1,200,-16,76,3,8,103,0,138
2011,2,1,300,-15,76,2,6,268,0,141
2011,2,1,400,-14,74,2,4,36,0,142
2011,2,1,500,-15,76,1,5,160,0,143
2011,2,1,600,-16,76,2,4,270,0,145
2011,2,1,700,-15,74,1,4,189,0,147
2011,2,1,800,-15,73,2,6,127,7,148
2011,2,1,900,-11,61,1,3,196,62,153
2011,2,1,1000,-9,56,3,21,279,215,156
2011,2,1,1100,-6,49,2,8,345,335,149
2011,2,1,1200,-5,44,4,19,267,478,136
2011,2,1,1300,-3,45,4,16,333,489,138
2011,2,1,1400,-3,49,5,10,315,533,137
2011,2,1,1500,-3,47,5,11,265,523,138
2011,2,1,1600,-4,45,6,11,240,220,130
2011,2,1,1700,-5,40,5,9,239,21,126
2011,2,1,1800,-5,34,4,9,231,3,126
2011,2,1,1900,-5,27,6,10,264,0,127
2011,2,1,2000,-4,24,6,12,270,0,128
2011,2,1,2100,-3,20,7,16,266,0,129
2011,2,1,2200,-1,13,9,14,267,0,132
2011,2,1,2300,0,13,7,13,263,0,133
2011,2,1,2400,2,10,9,14,265,0,136
2011,2,2,100,3,12,10,18,270,0,137
2011,2,2,200,4,11,12,18,277,0,140
2011,2,2,300,5,12,12,20,284,0,140
2011,2,2,400,6,14,11,18,281,0,141
2011,2,2,500,6,14,13,20,282,0,139
2011,2,2,600,8,16,7,13,258,0,139
2011,2,2,700,9,16,6,11,253,0,141
2011,2,2,800,11,14,4,8,240,2,142
2011,2,2,900,14,10,4,10,278,38,149
2011,2,2,1000,15,11,7,13,270,194,161
2011,2,2,1100,18,11,6,10,275,321,173
2011,2,2,1200,19,11,6,11,278,478,176
2011,2,2,1300,20,13,6,12,272,512,180
2011,2,2,1400,22,14,5,12,282,489,184
2011,2,2,1500,20,10,13,22,261,417,178
2011,2,2,1600,20,13,14,20,267,208,177
2011,2,2,1700,19,27,13,21,269,25,184
2011,2,2,1800,20,70,11,20,282,5,276
2011,2,2,1900,20,62,10,25,293,0,260
2011,2,2,2000,20,67,10,21,275,0,200
2011,2,2,2100,19,65,10,21,259,0,194
2011,2,2,2200,19,63,9,18,260,0,193
2011,2,2,2300,19,68,2,9,186,0,193
2011,2,2,2400,20,64,6,13,284,0,212
2011,2,3,100,20,61,13,26,275,0,235
2011,2,3,200,20,60,14,20,272,0,211
2011,2,3,300,21,57,17,25,280,0,187
2011,2,3,400,22,50,20,27,281,0,186
2011,2,3,500,21,46,20,27,285,0,182
2011,2,3,600,21,47,20,28,294,0,178
2011,2,3,700,21,36,16,26,296,0,181
2011,2,3,800,21,43,12,26,287,3,181
2011,2,3,900,21,42,12,23,280,47,188
2011,2,3,1000,22,41,16,23,274,199,220
2011,2,3,1100,24,45,17,24,281,237,227
2011,2,3,1200,25,48,19,28,278,396,219
2011,2,3,1300,27,36,18,26,282,371,256
2011,2,3,1400,27,51,16,25,277,268,268
2011,2,3,1500,27,59,17,25,281,287,260
2011,2,3,1600,28,67,11,21,275,145,263
2011,2,3,1700,26,73,13,19,284,49,286
2011,2,3,1800,27,76,18,32,275,8,284
2011,2,3,1900,28,78,19,31,273,0,283
2011,2,3,2000,27,85,23,36,283,0,285
2011,2,3,2100,26,90,20,32,280,0,293
2011,2,3,2200,26,90,15,28,282,0,294
2011,2,3,2300,27,87,14,26,282,0,295
2011,2,3,2400,28,88,22,39,277,0,294
2011,2,4,100,28,85,25,36,278,0,290
2011,2,4,200,29,88,23,36,276,0,282
2011,2,4,300,28,85,20,33,279,0,258
2011,2,4,400,28,86,20,32,274,0,286
2011,2,4,500,27,88,20,33,273,0,293
2011,2,4,600,27,88,18,37,279,0,292
2011,2,4,700,27,87,28,41,276,0,284
2011,2,4,800,27,86,29,47,277,1,282
2011,2,4,900,27,83,25,41,275,60,274
2011,2,4,1000,27,80,25,40,276,244,249
2011,2,4,1100,28,80,21,34,274,313,250
2011,2,4,1200,28,79,18,31,282,157,286
2011,2,4,1300,29,84,9,24,275,116,295
2011,2,4,1400,28,84,7,25,81,162,296
2011,2,4,1500,28,87,10,27,243,82,297
2011,2,4,1600,29,80,13,32,277,62,295
2011,2,4,1700,28,84,9,30,264,22,293
2011,2,4,1800,27,91,8,23,269,5,296
2011,2,4,1900,27,89,11,41,264,0,291
2011,2,4,2000,27,79,16,36,285,0,285
2011,2,4,2100,26,75,17,44,292,0,279
2011,2,4,2200,26,68,24,45,284,0,278
2011,2,4,2300,25,78,25,53,288,0,260
2011,2,4,2400,25,78,25,47,284,0,277
2011,2,5,100,24,88,26,44,274,0,280
2011,2,5,200,23,92,21,35,281,0,286
2011,2,5,300,23,93,21,48,287,0,285
2011,2,5,400,22,93,18,28,289,0,284
2011,2,5,500,20,90,25,39,297,0,274
2011,2,5,600,19,88,32,53,298,0,265
2011,2,5,700,18,83,24,43,292,0,265
2011,2,5,800,17,83,31,48,295,1,265
2011,2,5,900,16,69,28,46,297,44,230
2011,2,5,1000,16,76,25,41,290,119,246
2011,2,5,1100,15,85,24,36,292,184,267
2011,2,5,1200,15,77,22,37,284,422,269
2011,2,5,1300,15,82,19,29,290,388,261
2011,2,5,1400,15,83,13,18,280,191,264
2011,2,5,1500,15,86,14,22,278,138,265
2011,2,5,1600,13,84,16,25,287,59,265
2011,2,5,1700,13,74,19,29,288,37,249
2011,2,5,1800,13,83,22,33,294,3,251
2011,2,5,1900,12,82,20,33,299,0,253
2011,2,5,2000,12,83,20,31,294,0,252
2011,2,5,2100,12,78,22,33,292,0,250
2011,2,5,2200,11,88,19,30,294,0,248
2011,2,5,2300,10,83,19,32,292,0,252
2011,2,5,2400,10,80,18,29,282,0,249
2011,2,6,100,10,76,20,35,297,0,237
2011,2,6,200,9,74,18,28,298,0,234
2011,2,6,300,8,79,16,25,292,0,219
2011,2,6,400,8,79,17,23,287,0,202
2011,2,6,500,7,79,13,22,282,0,197
2011,2,6,600,7,79,9,15,279,0,196
2011,2,6,700,7,78,7,12,262,0,215
2011,2,6,800,7,81,8,12,274,3,218
2011,2,6,900,7,83,8,15,285,47,207
2011,2,6,1000,7,75,10,16,281,148,194
2011,2,6,1100,8,69,10,17,291,274,203
2011,2,6,1200,10,62,10,18,292,340,219
2011,2,6,1300,10,70,10,17,289,274,241
2011,2,6,1400,10,71,9,14,291,287,241
2011,2,6,1500,11,67,8,15,294,232,232
2011,2,6,1600,11,73,5,12,272,118,248
2011,2,6,1700,11,76,4,15,277,75,247
2011,2,6,1800,11,82,4,11,290,12,220
2011,2,6,1900,10,87,2,11,308,0,241
2011,2,6,2000,12,85,4,13,263,0,256
2011,2,6,2100,12,85,5,16,283,0,260
2011,2,6,2200,13,85,4,14,284,0,264
2011,2,6,2300,15,84,5,17,259,0,268
2011,2,6,2400,16,86,6,19,261,0,270
2011,2,7,100,18,87,7,23,18,0,272
2011,2,7,200,18,85,8,31,48,0,275
2011,2,7,300,19,89,9,29,243,0,277
2011,2,7,400,21,89,9,33,265,0,278
2011,2,7,500,20,85,8,30,326,0,273
2011,2,7,600,20,81,8,31,301,0,275
2011,2,7,700,21,80,12,37,258,0,276
2011,2,7,800,21,81,13,39,259,1,276
2011,2,7,900,21,79,15,42,266,38,268
2011,2,7,1000,20,80,18,53,285,100,269
2011,2,7,1100,18,79,27,46,284,135,269
2011,2,7,1200,18,79,19,32,277,135,268
2011,2,7,1300,18,77,10,26,263,168,259
2011,2,7,1400,17,87,17,31,295,126,269
2011,2,7,1500,16,89,24,36,298,133,262
2011,2,7,1600,15,89,23,37,295,66,269
2011,2,7,1700,13,90,9,23,299,57,254
2011,2,7,1800,12,82,10,22,294,6,247
2011,2,7,1900,10,92,10,17,283,0,231
2011,2,7,2000,7,89,3,7,307,0,208
2011,2,7,2100,4,87,4,8,289,0,181
2011,2,7,2200,3,87,3,9,292,0,206
2011,2,7,2300,2,86,1,3,49,0,232
2011,2,7,2400,-0,85,1,3,321,0,212
2011,2,8,100,-2,84,1,4,172,0,203
2011,2,8,200,-2,87,2,5,131,0,215
2011,2,8,300,-2,83,2,5,252,0,214
2011,2,8,400,-3,84,1,1,124,0,190
2011,2,8,500,-4,87,2,3,257,0,191
2011,2,8,600,0,84,1,3,266,0,196
2011,2,8,700,-3,79,3,8,227,0,195
2011,2,8,800,-5,84,3,7,123,11,193
2011,2,8,900,1,84,3,7,107,51,200
2011,2,8,1000,2,79,2,6,66,199,208
2011,2,8,1100,0,80,3,6,63,340,176
2011,2,8,1200,4,74,3,14,3,460,171
2011,2,8,1300,5,75,5,18,343,514,167
2011,2,8,1400,5,73,4,15,33,464,163
2011,2,8,1500,4,74,4,8,80,535,161
2011,2,8,1600,4,80,4,7,96,377,154
2011,2,8,1700,1,83,4,5,117,24,141
2011,2,8,1800,-1,87,2,4,146,6,140
2011,2,8,1900,-2,87,1,2,103,0,142
2011,2,8,2000,-1,85,1,2,157,0,152
2011,2,8,2100,-0,73,1,3,230,0,160
2011,2,8,2200,0,64,1,2,218,0,157
2011,2,8,2300,-0,61,3,10,221,0,148
2011,2,8,2400,-0,64,3,7,283,0,133
2011,2,9,100,-1,61,2,6,256,0,129
2011,2,9,200,-1,58,1,4,95,0,128
2011,2,9,300,-0,48,3,12,148,0,129
2011,2,9,400,1,52,6,14,251,0,129
2011,2,9,500,1,55,6,15,246,0,130
2011,2,9,600,2,78,11,21,235,0,137
2011,2,9,700,1,82,14,23,226,0,146
2011,2,9,800,2,74,8,19,248,10,152
2011,2,9,900,4,72,7,18,254,78,157
2011,2,9,1000,5,75,5,15,282,196,210
2011,2,9,1100,6,74,8,25,270,235,221
2011,2,9,1200,7,77,8,18,238,271,240
2011,2,9,1300,7,77,8,20,274,356,240
2011,2,9,1400,8,73,7,14,287,252,238
2011,2,9,1500,9,75,8,21,314,219,236
2011,2,9,1600,9,78,6,21,238,147,228
2011,2,9,1700,8,72,6,22,299,81,214
2011,2,9,1800,8,76,14,31,265,17,207
2011,2,9,1900,8,72,17,30,259,0,186
2011,2,9,2000,8,65,14,27,271,0,179
2011,2,9,2100,9,72,13,25,282,0,206
2011,2,9,2200,8,73,7,22,291,0,180
2011,2,9,2300,7,73,17,30,252,0,161
2011,2,9,2400,8,72,19,30,279,0,163
2011,2,10,100,8,76,17,32,283,0,170
2011,2,10,200,7,82,17,31,290,0,182
2011,2,10,300,7,83,13,25,275,0,208
2011,2,10,400,8,81,19,37,279,0,206
2011,2,10,500,8,82,21,37,278,0,196
2011,2,10,600,9,82,25,36,283,0,196
2011,2,10,700,9,82,30,41,281,0,191
2011,2,10,800,10,81,26,34,282,8,208
2011,2,10,900,11,78,22,34,288,86,234
2011,2,10,1000,12,77,20,34,286,148,244
2011,2,10,1100,13,76,22,36,284,294,240
2011,2,10,1200,14,73,23,36,287,394,230
2011,2,10,1300,15,72,24,39,285,347,231
2011,2,10,1400,15,75,22,38,283,319,231
2011,2,10,1500,16,73,19,34,274,173,229
2011,2,10,1600,16,79,16,30,256,106,244
2011,2,10,1700,16,79,18,35,248,45,247
2011,2,10,1800,16,78,18,36,249,10,239
2011,2,10,1900,16,79,20,35,253,0,234
2011,2,10,2000,16,81,16,29,234,0,253
2011,2,10,2100,16,77,15,29,250,0,245
2011,2,10,2200,16,80,18,31,243,0,257
2011,2,10,2300,15,80,17,30,254,0,251
2011,2,10,2400,16,78,19,30,250,0,230
2011,2,11,100,17,76,22,34,275,0,203
2011,2,11,200,17,76,18,31,277,0,198
2011,2,11,300,17,79,26,39,285,0,226
2011,2,11,400,17,78,25,39,279,0,225
2011,2,11,500,18,76,25,36,279,0,242
2011,2,11,600,18,77,21,35,276,0,211
2011,2,11,700,18,75,18,33,284,0,235
2011,2,11,800,18,78,11,26,289,3,228
2011,2,11,900,18,74,5,15,298,72,214
2011,2,11,1000,20,66,5,16,281,242,207
2011,2,11,1100,22,61,7,17,297,414,201
2011,2,11,1200,23,63,8,18,263,524,209
2011,2,11,1300,24,61,9,27,270,511,215
2011,2,11,1400,25,64,6,19,223,462,234
2011,2,11,1500,24,63,7,24,42,221,253
2011,2,11,1600,24,60,6,17,11,151,240
2011,2,11,1700,25,58,5,16,30,97,242
2011,2,11,1800,24,57,5,18,37,27,240
2011,2,11,1900,23,59,7,14,70,0,221
2011,2,11,2000,23,57,7,14,77,0,214
2011,2,11,2100,24,55,6,17,55,0,211
2011,2,11,2200,24,49,9,26,67,0,202
2011,2,11,2300,25,49,10,24,60,0,223
2011,2,11,2400,25,50,9,28,47,0,263
2011,2,12,100,25,50,11,29,54,0,218
2011,2,12,200,25,53,8,28,38,0,230
2011,2,12,300,25,49,8,28,26,0,230
2011,2,12,400,26,43,13,33,315,0,229
2011,2,12,500,27,48,17,40,320,0,233
2011,2,12,600,26,52,11,34,308,0,238
2011,2,12,700,27,47,12,29,294,0,219
2011,2,12,800,27,40,10,29,294,4,216
2011,2,12,900,28,39,9,29,10,62,226
2011,2,12,1000,28,37,8,27,53,213,220
2011,2,12,1100,30,33,10,24,326,330,231
2011,2,12,1200,32,31,9,25,55,382,235
2011,2,12,1300,34,28,9,23,39,490,241
2011,2,12,1400,34,25,10,32,96,469,227
2011,2,12,1500,35,28,10,34,203,447,223
2011,2,12,1600,34,30,7,24,194,286,212
2011,2,12,1700,32,29,6,24,220,72,205
2011,2,12,1800,31,33,5,14,14,17,205
2011,2,12,1900,31,28,8,23,54,0,214
2011,2,12,2000,33,26,16,33,192,0,225
2011,2,12,2100,33,28,10,31,182,0,214
2011,2,12,2200,32,32,11,32,173,0,208
2011,2,12,2300,31,42,11,31,168,0,204
2011,2,12,2400,29,54,13,37,180,0,216
2011,2,13,100,28,53,19,48,198,0,226
2011,2,13,200,28,50,14,43,193,0,252
2011,2,13,300,27,50,15,41,188,0,237
2011,2,13,400,27,46,12,36,175,0,222
2011,2,13,500,27,49,9,30,130,0,230
2011,2,13,600,26,54,9,28,52,0,235
2011,2,13,700,26,57,10,33,347,0,209
2011,2,13,800,26,67,21,57,289,2,257
2011,2,13,900,25,69,15,59,269,41,272
2011,2,13,1000,25,60,14,38,311,294,247
2011,2,13,1100,26,52,13,48,295,455,201
2011,2,13,1200,27,44,10,27,28,581,209
2011,2,13,1300,28,46,9,28,7,583,233
2011,2,13,1400,30,46,8,23,25,605,228
2011,2,13,1500,30,45,6,19,35,426,231
2011,2,13,1600,30,34,5,16,96,320,223
2011,2,13,1700,30,40,6,20,173,115,214
2011,2,13,1800,28,43,5,19,100,25,209
2011,2,13,1900,27,34,4,10,129,0,192
2011,2,13,2000,26,47,5,12,111,0,214
2011,2,13,2100,25,33,5,10,130,0,199
2011,2,13,2200,23,59,6,12,128,0,187
2011,2,13,2300,23,55,8,23,123,0,196
2011,2,13,2400,25,52,7,27,130,0,200
2011,2,14,100,26,55,7,22,126,0,211
2011,2,14,200,27,41,11,28,148,0,200
2011,2,14,300,28,32,11,35,177,0,199
2011,2,14,400,29,36,8,30,150,0,188
2011,2,14,500,26,51,9,25,131,0,181
2011,2,14,600,23,51,8,14,120,0,187
2011,2,14,700,24,52,6,16,112,0,207
2011,2,14,800,23,43,9,14,116,16,199
2011,2,14,900,28,35,7,14,122,90,222
2011,2,14,1000,28,44,6,15,97,217,213
2011,2,14,1100,29,31,7,12,91,431,230
2011,2,14,1200,34,32,11,26,158,436,242
2011,2,14,1300,33,28,9,32,165,277,248
2011,2,14,1400,35,30,6,22,61,435,232
2011,2,14,1500,34,29,8,23,48,306,229
2011,2,14,1600,35,25,6,18,331,300,217
2011,2,14,1700,33,38,6,23,159,70,226
2011,2,14,1800,30,42,7,23,356,17,231
2011,2,14,1900,29,42,7,27,34,0,195
2011,2,14,2000,28,48,7,20,32,0,202
2011,2,14,2100,27,47,8,23,244,0,197
2011,2,14,2200,28,44,12,29,212,0,201
2011,2,14,2300,29,46,10,27,221,0,203
2011,2,14,2400,28,49,6,20,353,0,202
2011,2,15,100,29,49,6,22,336,0,226
2011,2,15,200,29,57,7,27,297,0,230
2011,2,15,300,28,60,6,21,13,0,256
2011,2,15,400,28,54,6,26,16,0,212
2011,2,15,500,28,55,8,21,56,0,197
2011,2,15,600,28,61,8,28,324,0,199
2011,2,15,700,28,67,11,41,17,0,212
2011,2,15,800,28,63,10,30,31,10,214
2011,2,15,900,29,61,8,27,29,84,216
2011,2,15,1000,30,53,8,28,356,269,227
2011,2,15,1100,31,46,7,23,129,341,248
2011,2,15,1200,31,45,7,26,87,260,274
2011,2,15,1300,31,45,10,31,174,231,258
2011,2,15,1400,31,42,8,31,167,236,253
2011,2,15,1500,31,39,7,24,227,209,243
2011,2,15,1600,32,38,6,22,244,341,212
2011,2,15,1700,31,41,6,21,238,60,201
2011,2,15,1800,30,44,9,24,235,16,216
2011,2,15,1900,30,43,8,27,226,0,211
2011,2,15,2000,30,42,6,19,36,0,214
2011,2,15,2100,31,41,6,26,181,0,213
2011,2,15,2200,31,43,8,40,155,0,202
2011,2,15,2300,31,39,7,25,333,0,200
2011,2,15,2400,30,44,5,19,350,0,206
2011,2,16,100,29,49,6,23,40,0,205
2011,2,16,200,29,53,6,17,279,0,214
2011,2,16,300,29,55,7,25,286,0,228
2011,2,16,400,28,55,7,23,302,0,217
2011,2,16,500,28,36,5,22,224,0,215
2011,2,16,600,28,39,7,21,357,0,223
2011,2,16,700,27,33,8,22,354,0,210
2011,2,16,800,27,40,8,31,316,12,200
2011,2,16,900,28,52,8,28,353,86,205
2011,2,16,1000,28,47,9,28,339,335,249
2011,2,16,1100,28,56,7,26,192,327,268
2011,2,16,1200,27,64,8,33,256,172,278
2011,2,16,1300,25,62,8,22,2,103,274
2011,2,16,1400,26,57,8,27,352,208,274
2011,2,16,1500,26,59,7,26,229,128,274
2011,2,16,1600,27,59,6,17,83,102,274
2011,2,16,1700,26,68,6,19,68,38,276
2011,2,16,1800,24,81,6,23,104,5,281
2011,2,16,1900,24,82,5,17,328,0,276
2011,2,16,2000,19,89,13,32,299,0,277
2011,2,16,2100,17,88,7,26,5,0,273
2011,2,16,2200,17,83,6,20,25,0,261
2011,2,16,2300,17,92,5,12,69,0,265
2011,2,16,2400,16,86,5,18,50,0,271
2011,2,17,100,14,87,8,22,283,0,266
2011,2,17,200,12,87,9,36,174,0,261
2011,2,17,300,10,85,13,36,283,0,256
2011,2,17,400,10,79,5,19,334,0,237
2011,2,17,500,9,69,5,16,355,0,195
2011,2,17,600,8,71,8,27,174,0,152
2011,2,17,700,8,59,10,24,203,0,183
2011,2,17,800,9,56,7,18,175,10,214
2011,2,17,900,9,58,6,18,175,57,240
2011,2,17,1000,10,64,4,11,78,107,242
2011,2,17,1100,11,64,4,13,100,162,241
2011,2,17,1200,11,65,4,12,31,262,243
2011,2,17,1300,13,52,6,20,18,545,231
2011,2,17,1400,14,52,7,29,22,627,205
2011,2,17,1500,13,52,7,33,52,321,222
2011,2,17,1600,12,55,6,26,86,181,220
2011,2,17,1700,11,61,6,25,27,72,175
2011,2,17,1800,10,62,5,12,42,16,161
2011,2,17,1900,9,65,8,16,185,0,157
2011,2,17,2000,9,64,11,24,196,0,193
2011,2,17,2100,9,69,14,21,198,0,209
2011,2,17,2200,10,68,11,28,206,0,217
2011,2,17,2300,11,70,6,26,227,0,245
2011,2,17,2400,12,70,7,17,198,0,249
2011,2,18,100,13,69,6,16,199,0,248
2011,2,18,200,13,68,6,18,155,0,248
2011,2,18,300,13,64,5,16,159,0,240
2011,2,18,400,14,68,6,26,175,0,236
2011,2,18,500,15,71,7,24,218,0,249
2011,2,18,600,14,75,3,7,93,0,254
2011,2,18,700,15,71,4,12,57,0,258
2011,2,18,800,16,74,4,12,10,3,258
2011,2,18,900,16,72,3,11,318,29,259
2011,2,18,1000,17,68,3,9,310,69,259
2011,2,18,1100,17,67,3,9,188,77,261
2011,2,18,1200,18,77,4,17,151,139,271
2011,2,18,1300,17,77,5,17,214,148,271
2011,2,18,1400,17,74,6,17,199,141,271
2011,2,18,1500,17,89,5,14,58,107,271
2011,2,18,1600,17,71,6,21,38,137,262
2011,2,18,1700,18,72,7,20,36,77,247
2011,2,18,1800,17,77,8,19,35,19,238
2011,2,18,1900,16,76,8,19,49,0,229
2011,2,18,2000,16,82,9,17,46,0,237
2011,2,18,2100,15,85,5,14,79,0,200
2011,2,18,2200,15,70,4,14,106,0,201
2011,2,18,2300,18,75,8,22,173,0,203
2011,2,18,2400,17,83,5,16,150,0,183
2011,2,19,100,18,75,6,17,186,0,193
2011,2,19,200,20,69,9,22,199,0,210
2011,2,19,300,20,83,4,14,32,0,197
2011,2,19,400,16,82,6,11,122,0,216
2011,2,20,900,3,87,14,21,276,26,246
2011,2,20,1000,5,87,15,22,266,101,252
2011,2,20,1100,6,86,13,20,284,207,251
2011,2,20,1200,7,86,9,14,294,240,255
2011,2,20,1300,9,85,6,10,285,220,257
2011,2,20,1400,11,87,6,14,288,215,258
2011,2,20,1500,11,85,11,25,297,183,256
2011,2,20,1600,12,83,17,34,297,160,258
2011,2,20,1700,12,80,20,35,291,81,258
2011,2,20,1800,11,87,15,32,295,19,257
2011,2,20,1900,11,84,7,22,301,0,254
2011,2,20,2000,11,89,8,22,296,0,253
2011,2,20,2100,10,85,5,8,270,0,252
2011,2,20,2200,10,83,7,14,266,0,251
2011,2,20,2300,10,84,7,14,266,0,251
2011,2,20,2400,10,85,7,16,263,0,247
2011,2,21,100,9,83,8,16,249,0,249
2011,2,21,200,9,81,8,18,243,0,235
2011,2,21,300,8,81,12,21,260,0,227
2011,2,21,400,7,83,14,21,250,0,230
2011,2,21,500,7,82,14,21,245,0,234
2011,2,21,600,6,81,7,15,255,0,213
2011,2,21,700,6,68,8,26,251,0,192
2011,2,21,800,7,80,10,22,247,13,187
2011,2,21,900,6,76,17,27,215,100,189
2011,2,21,1000,7,74,12,25,215,259,187
2011,2,21,1100,8,71,14,32,208,488,181
2011,2,21,1200,10,66,8,26,306,576,183
2011,2,21,1300,13,61,4,17,28,606,185
2011,2,21,1400,13,73,5,13,3,430,213
2011,2,21,1500,13,80,5,20,30,230,238
2011,2,21,1600,13,74,5,15,96,178,228
2011,2,21,1700,12,78,5,12,30,149,227
2011,2,21,1800,10,81,5,13,42,34,200
2011,2,21,1900,9,75,5,14,62,0,202
2011,2,21,2000,9,77,6,14,29,0,237
2011,2,21,2100,8,80,5,10,49,0,243
2011,2,21,2200,8,83,3,9,7,0,243
2011,2,21,2300,8,76,3,11,291,0,213
2011,2,21,2400,8,75,5,11,81,0,195
2011,2,22,100,7,76,4,10,30,0,177
2011,2,22,200,8,66,6,16,106,0,190
2011,2,22,300,10,54,6,17,148,0,219
2011,2,22,400,10,60,5,20,63,0,236
2011,2,22,500,11,70,6,18,76,0,244
2011,2,22,600,10,77,7,23,133,0,244
2011,2,22,700,9,81,8,26,173,0,251
2011,2,22,800,8,79,16,28,199,9,250
2011,2,22,900,9,71,8,24,197,72,239
2011,2,22,1000,11,67,7,22,31,220,226
2011,2,22,1100,13,55,7,24,26,439,208
2011,2,22,1200,14,51,8,30,33,497,228
2011,2,22,1300,15,49,7,22,5,448,241
2011,2,22,1400,13,54,7,27,343,244,245
2011,2,22,1500,12,61,7,23,21,156,248
2011,2,22,1600,11,67,6,21,350,80,246
2011,2,22,1700,10,83,12,26,310,31,253
2011,2,22,1800,8,69,14,38,290,9,246
2011,2,22,1900,8,68,11,29,268,0,232
2011,2,22,2000,7,78,8,24,268,0,180
2011,2,22,2100,7,78,5,20,288,0,185
2011,2,22,2200,7,76,7,27,314,0,221
2011,2,22,2300,7,82,5,21,10,0,243
2011,2,22,2400,6,85,5,13,35,0,241
2011,2,23,100,6,80,4,14,41,0,219
2011,2,23,200,5,84,6,16,60,0,241
2011,2,23,300,5,82,7,18,45,0,230
2011,2,23,400,4,79,7,20,43,0,192
2011,2,23,500,4,69,5,19,352,0,207
2011,2,23,600,4,74,7,17,17,0,215
2011,2,23,700,4,72,6,21,27,0,209
2011,2,23,800,4,78,6,26,343,22,222
2011,2,23,900,6,72,5,14,359,167,196
2011,2,23,1000,7,72,5,17,342,304,217
2011,2,23,1100,8,64,5,16,18,457,206
2011,2,23,1200,9,58,5,16,31,505,216
2011,2,23,1300,9,74,6,15,338,418,240
2011,2,23,1400,8,70,6,18,345,367,230
2011,2,23,1500,8,72,7,16,324,301,217
2011,2,23,1600,7,76,5,17,327,178,214
2011,2,23,1700,6,79,5,11,348,78,223
2011,2,23,1800,5,79,4,12,42,19,222
2011,2,23,1900,5,68,3,8,262,0,214
2011,2,23,2000,4,78,3,6,107,0,210
2011,2,23,2100,3,72,1,4,178,0,179
2011,2,23,2200,2,74,3,6,222,0,173
2011,2,23,2300,3,71,3,11,197,0,194
2011,2,23,2400,4,77,7,16,217,0,210
2011,2,24,100,4,78,11,19,208,0,208
2011,2,24,200,3,72,11,19,212,0,163
2011,2,24,300,3,75,8,15,195,0,172
2011,2,24,400,3,79,6,14,199,0,156
2011,2,24,500,1,87,3,5,138,0,176
2011,2,24,600,1,88,1,4,118,0,193
2011,2,24,700,1,83,2,6,140,0,208
2011,2,24,800,1,85,3,5,103,15,203
2011,2,24,900,2,80,3,10,88,144,165
2011,2,24,1000,3,84,3,9,3,215,195
2011,2,24,1100,5,71,4,13,186,185,228
2011,2,24,1200,8,73,4,14,201,453,195
2011,2,24,1300,8,64,5,14,228,434,211
2011,2,24,1400,9,69,6,16,191,307,236
2011,2,24,1500,9,67,4,12,57,293,218
2011,2,24,1600,7,67,5,21,341,234,193
2011,2,24,1700,1,79,7,23,357,110,204
2011,2,24,1800,1,80,9,22,193,23,225
2011,2,24,1900,1,73,4,16,113,0,205
2011,2,24,2000,2,77,5,16,73,0,183
2011,2,24,2100,-2,77,7,19,288,0,187
2011,2,24,2200,-2,59,9,21,268,0,176
2011,2,24,2300,-2,68,9,16,272,0,143
2011,2,24,2400,-2,77,4,11,290,0,143
2011,2,25,100,-1,52,3,11,110,0,141
2011,2,25,200,-1,59,3,9,350,0,147
2011,2,25,300,1,61,4,13,248,0,162
2011,2,25,400,0,64,3,11,260,0,164
2011,2,25,500,1,61,6,17,188,0,167
2011,2,25,600,1,59,5,14,174,0,162
2011,2,25,700,1,69,7,18,189,0,153
2011,2,25,800,1,67,7,18,184,17,146
2011,2,25,900,4,62,7,20,176,150,161
2011,2,25,1000,4,71,4,15,89,187,193
2011,2,25,1100,4,70,6,14,298,281,220
2011,2,25,1200,4,73,10,21,302,265,228
2011,2,25,1300,4,71,12,23,300,335,225
2011,2,25,1400,4,70,11,20,295,307,203
2011,2,25,1500,4,70,14,19,299,377,207
2011,2,25,1600,3,65,14,21,296,275,197
2011,2,25,1700,3,60,13,18,288,112,170
2011,2,25,1800,2,58,10,15,283,32,159
2011,2,25,1900,1,73,7,12,271,1,153
2011,2,25,2000,-1,77,5,10,133,0,170
2011,2,25,2100,-2,79,2,5,122,0,153
2011,2,25,2200,-3,79,4,8,131,0,148
2011,2,25,2300,-4,79,6,10,129,0,144
2011,2,25,2400,-3,72,4,10,225,0,142
2011,2,26,100,-2,69,4,9,258,0,139
2011,2,26,200,-2,61,6,14,220,0,137
2011,2,26,300,-3,68,6,16,207,0,134
2011,2,26,400,-3,63,5,17,259,0,131
2011,2,26,500,-3,54,6,14,172,0,128
2011,2,26,600,-1,45,9,22,255,0,128
2011,2,26,700,-1,57,15,27,226,0,130
2011,2,26,800,1,51,12,29,261,43,139
2011,2,26,900,2,46,17,35,211,185,143
2011,2,26,1000,4,33,22,38,216,267,151
2011,2,26,1100,6,32,13,29,247,525,159
2011,2,26,1200,9,33,8,22,178,621,165
2011,2,26,1300,11,35,7,29,3,658,171
2011,2,26,1400,11,43,9,25,334,569,183
2011,2,26,1500,12,37,7,22,19,473,194
2011,2,26,1600,13,41,6,15,35,382,227
2011,2,26,1700,12,41,8,21,36,174,243
2011,2,26,1800,11,50,7,19,53,51,240
2011,2,26,1900,9,44,7,21,111,1,242
2011,2,26,2000,11,41,6,17,53,0,244
2011,2,26,2100,11,48,6,19,68,0,243
2011,2,26,2200,12,42,5,18,16,0,248
2011,2,26,2300,10,61,6,15,47,0,244
2011,2,26,2400,8,65,6,15,73,0,240
2011,2,27,100,7,84,7,21,58,0,245
2011,2,27,200,7,70,5,13,66,0,241
2011,2,27,300,7,82,5,14,55,0,246
2011,2,27,400,6,78,6,16,72,0,243
2011,2,27,500,6,72,6,19,10,0,209
2011,2,27,600,5,74,8,22,305,0,166
2011,2,27,700,4,72,6,19,267,0,154
2011,2,27,800,3,70,8,15,278,35,154
2011,2,27,900,5,61,10,20,253,170,157
2011,2,27,1000,5,67,13,22,225,284,160
2011,2,27,1100,7,61,10,21,214,515,169
2011,2,27,1200,8,58,8,19,209,591,172
2011,2,27,1300,10,51,9,18,218,649,176
2011,2,27,1400,11,53,11,25,192,625,176
2011,2,27,1500,13,49,6,18,46,544,177
2011,2,27,1600,13,50,7,18,36,404,174
2011,2,27,1700,13,55,6,15,34,193,190
2011,2,27,1800,12,57,9,17,51,34,177
2011,2,27,1900,11,57,8,20,35,1,177
2011,2,27,2000,11,67,6,20,107,0,171
2011,2,27,2100,6,68,6,18,108,0,164
2011,2,27,2200,2,82,7,19,134,0,164
2011,2,27,2300,2,71,6,18,151,0,164
2011,2,27,2400,8,68,5,19,129,0,181
2011,2,28,100,7,62,9,29,143,0,180
2011,2,28,200,9,62,11,32,175,0,197
2011,2,28,300,10,62,21,43,193,0,211
2011,2,28,400,11,61,27,41,197,0,214
2011,2,28,500,11,61,23,38,199,0,218
2011,2,28,600,12,62,19,36,198,0,222
2011,2,28,700,12,63,21,39,198,0,228
2011,2,28,800,12,64,8,29,148,15,234
2011,2,28,900,13,59,8,26,177,67,235
2011,2,28,1000,14,62,9,30,132,118,236
2011,2,28,1100,14,63,9,26,76,135,243
2011,2,28,1200,15,63,9,31,98,178,251
2011,2,28,1300,15,60,10,24,51,183,256
2011,2,28,1400,16,57,10,26,80,201,255
2011,2,28,1500,16,58,9,30,11,206,241
2011,2,28,1600,17,58,8,30,69,157,239
2011,2,28,1700,18,53,8,27,82,108,239
2011,2,28,1800,19,54,9,35,308,28,242
2011,2,28,1900,19,54,8,29,62,0,248
2011,2,28,2000,19,53,8,31,47,0,250
2011,2,28,2100,19,52,8,29,63,0,250
2011,2,28,2200,20,53,8,30,113,0,249
2011,2,28,2300,20,52,7,24,51,0,251
2011,2,28,2400,20,54,6,22,114,0,253
2011,3,1,100,19,56,6,23,24,0,229
2011,3,1,200,19,56,6,14,27,0,226
2011,3,1,300,19,56,7,29,263,0,229
2011,3,1,400,19,53,6,19,92,0,229
2011,3,1,500,19,56,6,19,149,0,217
2011,3,1,600,19,56,7,22,172,0,204
2011,3,1,700,20,54,5,17,76,0,222
2011,3,1,800,20,55,5,19,10,30,221
2011,3,1,900,21,52,6,17,329,133,252
2011,3,1,1000,23,50,5,19,19,258,237
2011,3,1,1100,24,49,6,17,2,401,223
2011,3,1,1200,25,48,7,23,29,506,221
2011,3,1,1300,26,45,6,16,20,588,225
2011,3,1,1400,26,47,7,17,26,525,219
2011,3,1,1500,26,47,7,20,68,449,215
2011,3,1,1600,26,50,6,16,75,350,214
2011,3,1,1700,25,54,6,13,48,172,205
2011,3,1,1800,23,58,5,16,28,49,228
2011,3,1,1900,22,55,6,18,107,1,217
2011,3,1,2000,22,61,7,16,153,0,204
2011,3,1,2100,20,66,7,15,146,0,249
2011,3,1,2200,20,66,6,9,122,0,257
2011,3,1,2300,20,72,8,16,125,0,216
2011,3,1,2400,18,67,8,20,107,0,232
2011,3,2,100,21,45,10,19,128,0,215
2011,3,2,200,23,47,9,23,135,0,198
2011,3,2,300,23,35,6,17,104,0,186
2011,3,2,400,24,39,7,20,149,0,189
2011,3,2,500,21,61,6,12,105,0,199
2011,3,2,600,21,39,7,17,135,0,184
2011,3,2,700,20,60,7,12,114,0,182
2011,3,2,800,21,53,9,17,102,75,217
2011,3,2,900,21,60,6,16,97,102,236
2011,3,2,1000,22,53,7,17,93,146,264
2011,3,2,1100,26,44,7,19,97,201,278
2011,3,2,1200,28,43,8,22,46,185,283
2011,3,2,1300,30,45,12,33,156,300,262
2011,3,2,1400,30,56,12,35,65,218,263
2011,3,2,1500,29,60,10,28,171,191,275
2011,3,2,1600,28,65,20,32,202,164,274
2011,3,2,1700,28,68,19,29,213,108,273
2011,3,2,1800,27,72,9,23,192,25,253
2011,3,2,1900,27,71,7,19,217,1,249
2011,3,2,2000,26,77,5,15,304,0,278
2011,3,2,2100,25,75,5,16,330,0,276
2011,3,2,2200,25,78,9,28,183,0,250
2011,3,2,2300,24,80,13,32,200,0,255
2011,3,2,2400,24,81,14,30,198,0,277
2011,3,3,100,24,89,12,28,196,0,286
2011,3,3,200,23,88,6,23,173,0,284
2011,3,3,300,23,92,5,15,194,0,278
2011,3,3,400,23,73,6,22,159,0,231
2011,3,3,500,22,82,6,19,123,0,217
2011,3,3,600,22,77,6,24,163,0,227
2011,3,3,700,23,77,6,21,172,0,255
2011,3,3,800,23,79,6,22,158,22,266
2011,3,3,900,22,83,6,18,97,84,281
2011,3,3,1000,24,79,6,17,62,189,275
2011,3,3,1100,24,77,4,11,29,229,281
2011,3,3,1200,25,82,5,14,49,388,277
2011,3,3,1300,26,69,5,16,30,389,261
2011,3,3,1400,25,67,7,21,334,315,254
2011,3,3,1500,23,80,11,23,300,205,279
2011,3,3,1600,23,69,11,26,317,216,238
2011,3,3,1700,22,67,10,26,312,117,232
2011,3,3,1800,22,74,5,16,291,33,236
2011,3,3,1900,21,76,8,34,282,1,264
2011,3,3,2000,20,76,21,36,298,0,256
2011,3,3,2100,19,76,19,31,291,0,257
2011,3,3,2200,18,74,18,29,288,0,237
2011,3,3,2300,17,76,10,25,293,0,208
2011,3,3,2400,16,82,8,18,295,0,206
2011,3,4,100,16,76,6,11,277,0,195
2011,3,4,200,16,63,4,11,306,0,185
2011,3,4,300,16,65,8,19,274,0,177
2011,3,4,400,16,73,7,19,292,0,223
2011,3,4,500,15,83,6,14,261,0,248
2011,3,4,600,14,87,5,11,80,0,246
2011,3,4,700,14,81,5,17,348,0,233
2011,3,4,800,13,77,6,18,14,61,212
2011,3,4,900,15,68,6,21,15,233,197
2011,3,4,1000,16,65,6,25,44,350,198
2011,3,4,1100,17,60,7,20,36,470,199
2011,3,4,1200,19,54,7,21,44,593,209
2011,3,4,1300,20,48,6,17,30,702,197
2011,3,4,1400,19,48,8,26,213,444,190
2011,3,4,1500,20,45,7,24,45,324,210
2011,3,4,1600,21,45,6,18,39,431,200
2011,3,4,1700,21,45,6,18,62,233,194
2011,3,4,1800,20,51,6,16,102,49,206
2011,3,4,1900,18,57,5,12,43,1,224
2011,3,4,2000,17,57,3,8,26,0,231
2011,3,4,2100,18,53,3,7,123,0,234
2011,3,4,2200,18,56,6,12,180,0,223
2011,3,4,2300,17,47,4,13,150,0,228
2011,3,4,2400,16,81,5,14,124,0,256
2011,3,5,100,16,86,5,13,135,0,259
2011,3,5,200,18,68,5,15,150,0,260
2011,3,5,300,19,72,6,13,66,0,258
2011,3,5,400,19,76,8,23,134,0,210
2011,3,5,500,19,76,8,26,147,0,202
2011,3,5,600,19,75,6,16,146,0,227
2011,3,5,700,19,77,5,18,147,0,257
2011,3,5,800,19,88,4,13,98,17,273
2011,3,5,900,19,90,5,14,85,68,281
2011,3,5,1000,20,89,7,20,73,108,281
2011,3,5,1100,21,79,7,18,86,207,283
2011,3,5,1200,22,78,5,17,161,270,282
2011,3,5,1300,23,75,4,15,82,309,279
2011,3,5,1400,23,76,5,19,4,250,276
2011,3,5,1500,23,79,7,18,304,184,276
2011,3,5,1600,22,88,6,21,265,99,279
2011,3,5,1700,21,81,13,28,287,55,278
2011,3,5,1800,21,71,17,33,290,39,228
2011,3,5,1900,20,70,14,24,284,2,217
2011,3,5,2000,20,71,10,20,286,0,188
2011,3,5,2100,19,72,7,17,275,0,191
2011,3,5,2200,19,85,4,13,209,0,205
2011,3,5,2300,18,86,7,12,219,0,214
2011,3,5,2400,18,90,4,12,274,0,256
2011,3,6,100,18,81,4,13,285,0,260
2011,3,6,200,17,91,3,11,309,0,250
2011,3,6,300,16,83,5,14,190,0,180
2011,3,6,400,16,75,1,7,333,0,190
2011,3,6,500,16,85,1,4,159,0,225
2011,3,6,600,15,80,2,4,236,0,210
2011,3,6,700,15,83,2,4,223,0,206
2011,3,6,800,17,68,2,5,229,88,186
2011,3,6,900,19,76,2,8,288,226,194
2011,3,6,1000,19,69,2,7,331,252,236
2011,3,6,1100,18,75,5,10,274,253,256
2011,3,6,1200,18,64,6,10,254,395,244
2011,3,6,1300,20,63,7,12,224,610,210
2011,3,6,1400,21,54,6,13,247,440,232
2011,3,6,1500,21,63,9,15,296,516,257
2011,3,6,1600,20,58,12,18,299,509,234
2011,3,6,1700,18,64,8,14,286,104,187
2011,3,6,1800,16,77,6,11,276,31,183
2011,3,6,1900,16,74,4,7,239,2,183
2011,3,6,2000,15,73,4,6,245,0,172
2011,3,6,2100,14,86,3,7,163,0,172
2011,3,6,2200,13,89,5,7,130,0,171
2011,3,6,2300,13,92,4,6,127,0,172
2011,3,6,2400,13,89,3,5,150,0,182
2011,3,7,100,14,79,3,6,177,0,207
2011,3,7,200,12,90,3,6,113,0,212
2011,3,7,300,11,88,4,5,113,0,191
2011,3,7,400,11,89,2,5,93,0,197
2011,3,7,500,10,90,1,3,78,0,216
2011,3,7,600,10,90,1,3,351,0,221
2011,3,7,700,8,89,1,4,103,0,215
2011,3,7,800,10,84,3,22,94,64,225
2011,3,7,900,14,84,3,13,34,191,243
2011,3,7,1000,15,75,3,11,64,278,229
2011,3,7,1100,17,72,5,9,72,458,227
2011,3,7,1200,18,71,7,12,82,685,225
2011,3,7,1300,21,59,5,11,100,557,253
2011,3,7,1400,22,67,6,11,34,487,258
2011,3,7,1500,22,63,5,9,45,434,239
2011,3,7,1600,22,73,6,13,316,223,255
2011,3,7,1700,19,77,11,16,277,129,248
2011,3,7,1800,18,82,12,17,267,40,258
2011,3,7,1900,16,90,10,16,265,1,263
2011,3,7,2000,15,90,7,13,271,0,262
2011,3,7,2100,15,88,5,11,269,0,256
2011,3,7,2200,14,87,4,9,251,0,253
2011,3,7,2300,14,85,3,5,250,0,246
2011,3,7,2400,14,87,4,8,251,0,250
2011,3,8,100,14,88,8,14,264,0,251
2011,3,8,200,14,87,9,13,268,0,255
2011,3,8,300,13,88,10,15,269,0,252
2011,3,8,400,13,84,9,14,265,0,223
2011,3,8,500,12,88,11,16,269,0,223
2011,3,8,600,11,88,8,14,261,0,210
2011,3,8,700,11,85,6,13,237,1,207
2011,3,8,800,12,83,4,11,257,58,232
2011,3,8,900,13,76,5,15,289,224,234
2011,3,8,1000,13,75,5,17,25,334,212
2011,3,8,1100,14,65,6,17,33,407,229
2011,3,8,1200,15,63,11,26,179,581,192
2011,3,8,1300,17,53,6,16,28,633,194
2011,3,8,1400,19,39,6,16,22,635,200
2011,3,8,1500,19,49,7,19,23,438,229
2011,3,8,1600,17,71,7,21,35,191,256
2011,3,8,1700,16,82,6,15,33,109,263
2011,3,8,1800,15,85,6,17,47,27,266
2011,3,8,1900,15,89,9,32,156,2,268
2011,3,8,2000,15,84,9,37,227,0,268
2011,3,8,2100,16,86,8,28,213,0,268
2011,3,8,2200,16,86,7,21,321,0,270
2011,3,8,2300,16,85,9,25,263,0,265
2011,3,8,2400,16,84,11,31,248,0,261
2011,3,9,100,15,85,7,21,55,0,260
2011,3,9,200,15,83,7,25,67,0,257
2011,3,9,300,15,83,6,20,198,0,263
2011,3,9,400,15,85,6,19,74,0,256
2011,3,9,500,14,83,7,19,44,0,232
2011,3,9,600,14,74,7,17,50,0,170
2011,3,9,700,14,66,3,15,219,1,168
2011,3,9,800,16,53,8,18,215,82,174
2011,3,9,900,20,42,9,20,177,263,183
2011,3,9,1000,21,64,3,10,79,406,207
2011,3,9,1100,23,45,3,13,348,538,220
2011,3,9,1200,25,48,6,12,53,533,261
2011,3,9,1300,25,50,7,15,58,434,274
2011,3,9,1400,26,51,5,14,42,334,277
2011,3,9,1500,27,60,7,18,131,360,283
2011,3,9,1600,26,56,13,24,187,255,276
2011,3,9,1700,26,68,8,23,135,148,245
2011,3,9,1800,26,70,8,28,105,41,261
2011,3,9,1900,25,77,8,26,135,3,241
2011,3,9,2000,25,75,8,20,56,0,227
2011,3,9,2100,25,75,7,20,98,0,216
2011,3,9,2200,26,74,6,16,78,0,207
2011,3,9,2300,25,75,8,16,52,0,204
2011,3,9,2400,25,77,8,21,92,0,201
2011,3,10,100,25,75,7,17,127,0,201
2011,3,10,200,26,73,8,24,159,0,202
2011,3,10,300,27,73,8,20,174,0,206
2011,3,10,400,27,74,10,27,172,0,206
2011,3,10,500,28,67,17,30,185,0,212
2011,3,10,600,28,67,7,27,165,0,211
2011,3,10,700,30,60,11,30,182,1,214
2011,3,10,800,31,60,11,28,191,65,227
2011,3,10,900,33,50,14,26,193,206,246
2011,3,10,1000,34,45,15,32,197,275,239
2011,3,10,1100,34,43,15,33,203,345,241
2011,3,10,1200,34,53,13,39,192,220,246
2011,3,10,1300,34,53,9,27,38,146,285
2011,3,10,1400,34,53,7,22,318,234,284
