2009,10,27,1400,26,78,-10,0
2009,10,27,1500,26,81,-10,0
2009,10,27,1600,26,75,-10,0
2009,10,27,1700,25,88,-10,0
2009,10,27,1800,25,80,-10,0
2009,10,27,1900,25,82,-10,0
2009,10,27,2000,24,92,-10,0
2009,10,27,2100,24,93,-10,0
2009,10,27,2200,24,92,-10,0
2009,10,27,2300,25,82,-10,0
2009,10,27,2400,23,92,-10,0
2009,10,28,100,23,92,-10,0
2009,10,28,200,23,92,-10,0
2009,10,28,300,24,91,-10,0
2009,10,28,400,24,89,-10,0
2009,10,28,500,24,80,-10,0
2009,10,28,600,23,83,-10,0
2009,10,28,700,22,86,-10,0
2009,10,28,800,23,85,-10,0
2009,10,28,900,24,82,-10,0
2009,10,28,1000,27,72,-10,0
2009,10,28,1100,26,73,-10,0
2009,10,28,1200,27,70,-10,0
2009,10,28,1300,29,58,-10,0
2009,10,28,1400,30,60,-10,0
2009,10,28,1500,28,64,-10,0
2009,10,28,1600,29,59,-10,0
2009,10,28,1700,25,66,-10,0
2009,10,28,1800,21,70,-10,0
2009,10,28,1900,18,77,-10,0
2009,10,28,2000,17,85,-10,0
2009,10,28,2100,15,88,-10,0
2009,10,28,2200,15,83,-10,0
2009,10,28,2300,14,91,-10,0
2009,10,28,2400,12,91,-10,0
2009,10,29,100,13,90,-10,0
2009,10,29,200,10,88,-10,0
2009,10,29,300,11,93,-10,0
2009,10,29,400,12,91,-10,0
2009,10,29,500,12,91,-10,0
2009,10,29,600,13,91,-10,0
2009,10,29,700,14,92,-10,0
2009,10,29,800,12,90,-10,0
2009,10,29,900,15,92,-10,0
2009,10,29,1000,21,92,-10,0
2009,10,29,1100,22,88,-10,0
2009,10,29,1200,25,86,-10,0
2009,10,29,1300,25,83,-10,0
2009,10,29,1400,27,66,-10,0
2009,10,29,1500,29,55,-10,0
2009,10,29,1600,27,59,-10,0
2009,10,29,1700,25,64,-10,0
2009,10,29,1800,25,67,-10,0
2009,10,29,1900,24,69,-10,0
2009,10,29,2000,28,53,-10,0
2009,10,29,2100,27,59,-10,0
2009,10,29,2200,26,83,-10,0
2009,10,29,2300,25,91,-10,0
2009,10,29,2400,26,94,-10,0
2009,10,30,100,29,80,-10,0
2009,10,30,200,30,88,-10,0
2009,10,30,300,29,93,-10,0
2009,10,30,400,31,92,-10,0
2009,10,30,500,33,92,-10,0
2009,10,30,600,32,94,-10,0
2009,10,30,700,33,93,-10,0
2009,10,30,800,33,92,-10,0
2009,10,30,900,33,93,-10,0
2009,11,3,1900,29,65,4,6
2009,11,3,2000,29,62,5,7
2009,11,3,2100,28,70,5,8
2009,11,3,2200,26,70,4,8
2009,11,3,2300,27,70,1,8
2009,11,3,2400,27,70,4,6
2009,11,4,100,26,71,4,8
2009,11,4,200,26,70,2,8
2009,11,4,300,26,63,0,6
2009,11,4,400,26,57,3,6
2009,11,4,500,25,57,2,7
2009,11,4,600,25,55,0,7
2009,11,4,700,25,57,4,5
2009,11,4,800,29,51,0,8
2009,11,4,900,37,39,0,5
2009,11,4,1000,44,24,1,7
2009,11,4,1100,48,24,2,5
2009,11,4,1200,52,24,1,10
2009,11,4,1300,54,27,8,11
2009,11,4,1400,53,30,5,10
2009,11,4,1500,49,38,0,5
2009,11,4,1600,40,57,3,8
2009,11,4,1700,38,58,5,9
2009,11,4,1800,38,48,5,9
2009,11,4,1900,35,58,5,10
2009,11,4,2000,36,57,6,9
2009,11,4,2100,34,60,5,10
2009,11,4,2200,35,61,3,11
2009,11,4,2300,34,59,2,8
2009,11,4,2400,33,59,0,9
2009,11,5,100,33,57,3,9
2009,11,5,200,35,53,0,6
2009,11,5,300,35,53,3,8
2009,11,5,400,43,30,5,13
2009,11,5,500,43,31,4,22
2009,11,5,600,40,36,10,16
2009,11,5,700,40,36,4,22
2009,11,5,800,36,49,1,6
2009,11,5,900,42,41,0,4
2009,11,5,1000,54,25,5,12
2009,11,5,1100,59,19,2,24
2009,11,5,1200,62,16,9,21
2009,11,5,1300,60,17,9,14
2009,11,5,1400,61,17,7,17
2009,11,5,1500,58,22,1,20
2009,11,5,1600,57,17,10,19
2009,11,5,1700,56,19,4,23
2009,11,5,1800,53,22,11,19
2009,11,5,1900,54,19,4,15
2009,11,5,2000,53,22,5,18
2009,11,5,2100,54,21,4,21
2009,11,5,2200,53,22,2,25
2009,11,5,2300,53,23,2,24
2009,11,5,2400,53,23,7,23
2009,11,6,100,51,25,2,18
2009,11,6,200,52,23,14,31
2009,11,6,300,53,21,27,32
2009,11,6,400,52,24,12,29
2009,11,6,500,52,21,3,30
2009,11,6,600,51,24,4,23
2009,11,6,700,50,24,17,30
2009,11,6,800,50,24,11,31
2009,11,6,900,49,26,9,30
2009,11,6,1000,52,24,6,43
2009,11,6,1100,51,28,24,47
2009,11,6,1200,49,32,22,47
2009,11,6,1300,37,78,7,46
2009,11,6,1400,34,87,4,13
2009,11,6,1500,33,90,3,9
2009,11,6,1600,34,91,1,8
2009,11,6,1700,35,81,8,12
2009,11,6,1800,34,82,3,9
2009,11,6,1900,33,86,6,9
2009,11,6,2000,31,85,6,8
2009,11,6,2100,34,62,2,13
2009,11,6,2200,31,85,3,11
2009,11,6,2300,29,77,4,7
2009,11,6,2400,29,84,3,6
2009,11,7,100,28,87,5,7
2009,11,7,200,30,70,2,8
2009,11,7,300,29,77,3,8
2009,11,7,400,28,85,3,7
2009,11,7,500,30,70,2,8
2009,11,7,600,28,82,5,9
2009,11,7,700,26,84,5,8
2009,11,7,800,27,85,3,7
2009,11,7,900,35,48,3,16
2009,11,7,1000,38,40,10,40
2009,11,7,1100,38,35,10,26
2009,11,7,1200,39,34,11,33
2009,11,7,1300,38,39,12,26
2009,11,7,1400,39,36,0,17
2009,11,7,1500,37,35,4,12
2009,11,7,1600,37,37,0,14
2009,11,7,1700,32,55,2,10
2009,11,7,1800,30,57,0,6
2009,11,7,1900,32,50,3,10
2009,11,7,2000,32,44,3,18
2009,11,7,2100,28,68,1,7
2009,11,7,2200,33,44,7,13
2009,11,7,2300,34,36,2,19
2009,11,7,2400,34,39,1,18
2009,11,8,100,33,42,6,14
2009,11,8,200,33,41,13,22
2009,11,8,300,32,41,7,23
2009,11,8,400,32,41,7,19
2009,11,8,500,31,39,0,14
2009,11,8,600,32,41,2,12
2009,11,8,700,33,40,7,21
2009,11,8,800,34,39,13,20
2009,11,8,900,35,38,7,20
2009,11,8,1000,36,39,6,21
2009,11,8,1100,36,39,9,23
2009,11,8,1200,36,34,5,20
2009,11,8,1300,36,34,2,36
2009,11,8,1400,37,34,8,22
2009,11,8,1500,38,32,8,26
2009,11,8,1600,37,32,12,26
2009,11,8,1700,36,35,16,24
2009,11,8,1800,35,35,9,21
2009,11,8,1900,32,43,3,18
2009,11,8,2000,31,46,3,15
2009,11,8,2100,29,54,6,10
2009,11,8,2200,32,42,3,15
2009,11,8,2300,34,39,7,15
2009,11,8,2400,33,39,3,12
2009,11,9,100,31,45,4,13
2009,11,9,200,26,58,4,7
2009,11,9,300,25,64,3,8
2009,11,9,400,23,66,1,8
2009,11,9,500,23,67,1,7
2009,11,9,600,22,70,1,8
2009,11,9,700,24,60,6,9
2009,11,9,800,23,64,2,8
2009,11,9,900,30,53,0,5
2009,11,9,1000,36,39,2,10
2009,11,9,1100,41,31,3,12
2009,11,9,1200,42,25,6,10
2009,11,9,1300,44,22,1,11
2009,11,9,1400,45,21,5,10
2009,11,9,1500,40,26,1,7
2009,11,9,1600,34,44,4,5
2009,11,9,1700,31,51,4,9
2009,11,9,1800,29,54,3,7
2009,11,9,1900,27,56,2,6
2009,11,9,2000,28,57,3,7
2009,11,9,2100,27,60,2,6
2009,11,9,2200,26,60,1,7
2009,11,9,2300,27,57,4,6
2009,11,9,2400,31,50,3,9
2009,11,10,100,36,36,1,9
2009,11,10,200,33,45,2,7
2009,11,10,300,39,33,6,16
2009,11,10,400,40,28,6,16
2009,11,10,500,41,26,1,20
2009,11,10,600,43,25,5,22
2009,11,10,700,42,27,5,18
2009,11,10,800,43,26,5,17
2009,11,10,900,43,27,4,19
2009,11,10,1000,45,26,4,14
2009,11,10,1100,45,27,8,14
2009,11,10,1200,46,30,6,23
2009,11,10,1300,46,30,11,22
2009,11,10,1400,47,29,10,27
2009,11,10,1500,46,27,6,24
2009,11,10,1600,45,26,7,27
2009,11,10,1700,44,28,7,26
2009,11,10,1800,42,24,2,18
2009,11,10,1900,38,29,4,20
2009,11,10,2000,36,40,1,10
2009,11,10,2100,31,50,1,8
2009,11,10,2200,30,59,2,5
2009,11,10,2300,30,60,3,8
2009,11,10,2400,29,67,3,6
2009,11,11,100,30,67,1,10
2009,11,11,200,30,66,2,7
2009,11,11,300,31,67,0,7
2009,11,11,400,33,60,0,7
2009,11,11,500,32,62,2,14
2009,11,11,600,35,58,1,9
2009,11,11,700,33,60,3,10
2009,11,11,800,32,62,3,7
2009,11,11,900,36,50,4,6
2009,11,11,1000,41,45,2,11
2009,11,11,1100,43,40,3,17
2009,11,11,1200,42,48,2,19
2009,11,11,1300,43,46,7,16
2009,11,11,1400,41,52,8,15
2009,11,11,1500,41,50,3,14
2009,11,11,1600,42,48,4,15
2009,11,11,1700,40,56,4,17
2009,11,11,1800,37,76,6,9
2009,11,11,1900,36,82,2,12
2009,11,11,2000,34,89,2,8
2009,11,11,2100,33,93,1,8
2009,11,11,2200,32,95,0,4
2009,11,11,2300,32,95,3,3
2009,11,11,2400,32,95,1,6
2009,11,12,100,32,96,1,4
2009,11,12,200,30,94,0,4
2009,11,12,300,29,94,1,5
2009,11,12,400,28,94,2,4
2009,11,12,500,27,92,4,4
2009,11,12,600,27,92,1,4
2009,11,12,700,27,92,0,3
2009,11,12,800,26,93,0,3
2009,11,12,900,27,90,0,1
2009,11,12,1000,28,87,0,1
2009,11,12,1100,28,85,0,0
2009,11,12,1200,29,83,1,4
2009,11,12,1300,27,88,2,6
2009,11,12,1400,28,85,0,5
2009,11,12,1500,27,87,0,6
2009,11,12,1600,26,86,0,11
2009,11,12,1700,24,89,0,7
2009,11,12,1800,24,91,1,5
2009,11,12,1900,23,92,1,9
2009,11,12,2000,23,78,3,11
2009,11,12,2100,22,87,4,10
2009,11,12,2200,21,75,3,11
2009,11,12,2300,20,76,4,17
2009,11,12,2400,21,72,4,15
2009,11,13,100,18,77,4,15
2009,11,13,200,18,87,0,6
2009,11,13,300,18,94,1,3
2009,11,13,400,18,94,2,8
2009,11,13,500,18,90,1,6
2009,11,13,600,18,74,0,8
2009,11,13,700,18,64,3,13
2009,11,13,800,15,79,1,9
2009,11,13,900,20,66,4,12
2009,11,13,1000,24,55,5,14
2009,11,13,1100,24,53,6,16
2009,11,13,1200,23,63,2,19
2009,11,13,1300,23,65,1,15
2009,11,13,1400,24,49,5,18
2009,11,13,1500,22,60,6,15
2009,11,13,1600,21,62,7,13
2009,11,13,1700,17,72,7,20
2009,11,13,1800,13,82,2,9
2009,11,13,1900,10,81,2,8
2009,11,13,2000,10,87,3,9
2009,11,13,2100,10,85,1,8
2009,11,13,2200,9,84,3,10
2009,11,13,2300,9,86,3,8
2009,11,13,2400,9,82,5,8
2009,11,14,100,10,85,1,8
2009,11,14,200,12,85,1,8
2009,11,14,300,14,84,4,9
2009,11,14,400,16,87,0,6
2009,11,14,500,17,84,3,5
2009,11,14,600,20,77,0,12
2009,11,14,700,18,81,1,20
2009,11,14,800,18,83,0,6
2009,11,14,900,19,80,0,1
2009,11,14,1000,22,73,5,12
2009,11,14,1100,26,68,2,10
2009,11,14,1200,27,68,7,15
2009,11,14,1300,25,74,4,11
2009,11,14,1400,28,67,1,8
2009,11,14,1500,24,81,1,6
2009,11,14,1600,21,87,2,7
2009,11,14,1700,18,89,2,12
2009,11,14,1800,19,91,0,10
2009,11,14,1900,17,91,3,8
2009,11,14,2000,17,92,4,9
2009,11,14,2100,17,92,1,8
2009,11,14,2200,17,90,1,6
2009,11,14,2300,17,87,3,18
2009,11,14,2400,15,91,1,9
2009,11,15,100,17,76,8,19
2009,11,15,200,18,69,7,26
2009,11,15,300,16,73,2,28
2009,11,15,400,16,69,5,28
2009,11,15,500,13,76,9,26
2009,11,15,600,13,79,3,27
2009,11,15,700,11,79,2,32
2009,11,15,800,10,84,1,30
2009,11,15,900,13,78,3,18
2009,11,15,1000,18,67,1,30
2009,11,15,1100,21,60,7,31
2009,11,15,1200,22,64,4,26
2009,11,15,1300,27,55,4,26
2009,11,15,1400,28,50,9,38
2009,11,15,1500,25,60,4,22
2009,11,15,1600,24,61,3,29
2009,11,15,1700,22,62,1,16
2009,11,15,1800,23,76,3,21
2009,11,15,1900,20,79,1,7
2009,11,15,2000,22,77,2,11
2009,11,15,2100,21,77,3,11
2009,11,15,2200,19,85,1,8
2009,11,15,2300,21,79,0,7
2009,11,15,2400,20,84,0,6
2009,11,16,100,20,87,1,8
2009,11,16,200,21,85,0,7
2009,11,16,300,22,89,1,5
2009,11,16,400,22,88,3,10
2009,11,16,500,23,86,3,9
2009,11,16,600,22,85,2,14
2009,11,16,700,22,85,0,12
2009,11,16,800,25,78,5,9
2009,11,16,900,28,74,0,11
2009,11,16,1000,33,64,1,6
2009,11,16,1100,34,61,4,21
2009,11,16,1200,38,56,9,19
2009,11,16,1300,37,62,3,13
2009,11,16,1400,41,54,7,11
2009,11,16,1500,38,64,14,20
2009,11,16,1600,35,71,3,26
2009,11,16,1700,32,81,0,15
2009,11,16,1800,31,81,1,9
2009,11,16,1900,30,80,3,7
2009,11,16,2000,29,80,0,6
2009,11,16,2100,28,78,4,7
2009,11,16,2200,27,75,1,8
2009,11,16,2300,30,62,2,11
2009,11,16,2400,32,55,3,7
2009,11,17,100,31,57,1,15
2009,11,17,200,26,70,2,6
2009,11,17,300,27,64,2,9
2009,11,17,400,24,75,1,6
2009,11,17,500,25,73,2,7
2009,11,17,600,26,68,5,11
2009,11,17,700,34,47,4,16
2009,11,17,800,36,42,5,36
2009,11,17,900,37,39,7,34
2009,11,17,1000,43,26,4,27
2009,11,17,1100,46,31,3,24
2009,11,17,1200,49,27,7,25
2009,11,17,1300,53,17,3,27
2009,11,17,1400,50,31,8,23
2009,11,17,1500,41,46,0,13
2009,11,17,1600,35,64,1,8
2009,11,17,1700,33,65,5,8
2009,11,17,1800,34,62,2,10
2009,11,17,1900,31,65,3,6
2009,11,17,2000,40,37,3,15
2009,11,17,2100,45,24,1,18
2009,11,17,2200,39,39,7,14
2009,11,17,2300,38,42,9,22
2009,11,17,2400,36,42,5,14
2009,11,18,100,37,43,1,18
2009,11,18,200,40,39,6,13
2009,11,18,300,36,42,7,9
2009,11,18,400,31,60,2,8
2009,11,18,500,30,61,2,9
2009,11,18,600,30,59,5,6
2009,11,18,700,29,60,5,8
2009,11,18,800,30,60,5,8
2009,11,18,900,40,35,10,17
2009,11,18,1000,39,42,3,20
2009,11,18,1100,42,37,0,4
2009,11,18,1200,41,42,13,17
2009,11,18,1300,38,48,7,19
2009,11,18,1400,35,56,2,15
2009,11,18,1500,33,70,2,10
2009,11,18,1600,30,80,4,7
2009,11,18,1700,29,85,0,11
2009,11,18,1800,28,82,9,16
2009,11,18,1900,27,82,0,16
2009,11,18,2000,26,83,2,6
2009,11,18,2100,23,83,0,9
2009,11,18,2200,22,84,1,5
2009,11,18,2300,23,80,3,9
2009,11,18,2400,20,86,0,6
2009,11,19,100,22,81,4,10
2009,11,19,200,22,80,4,11
2009,11,19,300,20,87,1,5
2009,11,19,400,19,89,0,5
2009,11,19,500,18,88,2,5
2009,11,19,600,18,89,0,3
2009,11,19,700,17,89,0,8
2009,11,19,800,19,88,1,6
2009,11,19,900,25,75,0,7
2009,11,19,1000,32,57,4,12
2009,11,19,1100,35,47,2,11
2009,11,19,1200,41,31,1,12
2009,11,19,1300,42,30,7,13
2009,11,19,1400,40,30,4,15
2009,11,19,1500,39,33,5,15
2009,11,19,1600,35,44,2,13
2009,11,19,1700,31,55,5,7
2009,11,19,1800,34,49,1,13
2009,11,19,1900,27,67,1,6
2009,11,19,2000,26,68,5,7
2009,11,19,2100,28,61,1,8
2009,11,19,2200,24,72,1,9
2009,11,19,2300,24,69,3,9
2009,11,19,2400,24,70,4,6
2009,11,20,100,25,65,1,8
2009,11,20,200,26,64,6,9
2009,11,20,300,28,57,4,9
2009,11,20,400,29,57,3,8
2009,11,20,500,27,65,3,8
2009,11,20,600,25,66,2,5
2009,11,20,700,24,65,1,6
2009,11,20,800,25,62,1,9
2009,11,20,900,30,54,4,9
2009,11,20,1000,35,51,0,8
2009,11,20,1100,39,34,3,7
2009,11,20,1200,47,15,6,12
2009,11,20,1300,46,14,5,13
2009,11,20,1400,46,14,2,12
2009,11,20,1500,45,18,7,12
2009,11,20,1600,39,30,3,11
2009,11,20,1700,33,53,6,11
2009,11,20,1800,32,45,4,8
2009,11,20,1900,36,34,4,18
2009,11,20,2000,32,47,2,15
2009,11,20,2100,42,19,6,21
2009,11,20,2200,32,53,1,17
2009,11,20,2300,41,28,3,15
2009,11,20,2400,40,28,3,15
2009,11,21,100,41,28,10,23
2009,11,21,200,42,30,7,23
2009,11,21,300,40,37,16,30
2009,11,21,400,33,66,11,31
2009,11,21,500,29,92,5,25
2009,11,21,600,31,74,9,25
2009,11,21,700,27,90,4,19
2009,11,21,800,26,93,5,19
2009,11,21,900,28,83,3,8
2009,11,21,1000,28,68,7,10
2009,11,21,1100,29,62,1,10
2009,11,21,1200,28,67,3,11
2009,11,21,1300,30,59,1,16
2009,11,21,1400,29,54,5,16
2009,11,21,1500,25,76,3,14
2009,11,21,1600,27,58,0,9
2009,11,21,1700,25,66,0,9
2009,11,21,1800,24,55,1,8
2009,11,21,1900,24,57,5,12
2009,11,21,2000,23,47,1,11
2009,11,21,2100,18,69,2,8
2009,11,21,2200,21,60,3,8
2009,11,21,2300,21,53,3,18
2009,11,21,2400,21,52,1,20
2009,11,22,100,21,48,6,21
2009,11,22,200,14,71,6,12
2009,11,22,300,11,75,3,8
2009,11,22,400,16,64,4,13
2009,11,22,500,15,63,3,25
2009,11,22,600,12,79,2,10
2009,11,22,700,9,83,4,7
2009,11,22,800,12,79,3,5
2009,11,22,900,20,65,4,7
2009,11,22,1000,23,57,3,8
2009,11,22,1100,23,63,1,14
2009,11,22,1200,22,88,3,9
2009,11,22,1300,21,91,3,11
2009,11,22,1400,22,92,6,12
2009,11,22,1500,23,92,2,14
2009,11,22,1600,24,88,8,11
2009,11,22,1700,23,90,4,10
2009,11,22,1800,23,91,4,7
2009,11,22,1900,23,91,1,6
2009,11,22,2000,23,90,2,4
2009,11,22,2100,22,90,2,5
2009,11,22,2200,23,89,1,4
2009,11,22,2300,24,84,0,5
2009,11,22,2400,23,82,3,9
2009,11,23,100,23,85,2,8
2009,11,23,200,23,82,2,6
2009,11,23,300,23,85,2,10
2009,11,23,400,23,77,5,9
2009,11,23,500,24,75,4,14
2009,11,23,600,24,70,3,18
2009,11,23,700,24,71,11,19
2009,11,23,800,25,68,3,23
2009,11,23,900,25,67,11,23
2009,11,23,1000,26,68,1,22
2009,11,23,1100,26,66,7,16
2009,11,23,1200,27,64,5,17
2009,11,23,1300,28,62,8,16
2009,11,23,1400,29,55,5,16
2009,11,23,1500,28,57,3,21
2009,11,23,1600,27,58,4,17
2009,11,23,1700,27,62,24,38
2009,11,23,1800,26,60,16,42
2009,11,23,1900,25,59,7,48
2009,11,23,2000,26,57,15,37
2009,11,23,2100,26,54,2,22
2009,11,23,2200,26,54,12,28
2009,11,23,2300,24,57,5,19
2009,11,23,2400,24,58,2,19
2009,11,24,100,22,63,5,15
2009,11,24,200,22,67,5,17
2009,11,24,300,23,65,3,17
2009,11,24,400,22,67,2,24
2009,11,24,500,22,65,7,22
2009,11,24,600,22,68,1,14
2009,11,24,700,22,74,0,6
2009,11,24,800,25,66,3,7
2009,11,24,900,26,63,2,15
2009,11,24,1000,28,59,0,7
2009,11,24,1100,32,55,3,7
2009,11,24,1200,36,50,3,9
2009,11,24,1300,31,59,1,12
2009,11,24,1400,29,72,2,11
2009,11,24,1500,31,80,6,9
2009,11,24,1600,35,62,7,15
2009,11,24,1700,32,66,2,17
2009,11,24,1800,34,62,6,10
2009,11,24,1900,36,59,5,16
2009,11,24,2000,34,61,1,17
2009,11,24,2100,34,63,5,16
2009,11,24,2200,34,64,8,24
2009,11,24,2300,35,64,5,13
2009,11,24,2400,35,67,3,20
2009,11,25,100,35,64,16,25
2009,11,25,200,34,66,7,42
2009,11,25,300,35,66,11,41
2009,11,25,400,35,66,18,41
2009,11,25,500,35,61,8,48
2009,11,25,600,32,69,6,17
2009,11,25,700,30,71,1,18
2009,11,25,800,28,77,2,14
2009,11,25,900,29,74,1,14
2009,11,25,1000,31,67,2,17
2009,11,25,1100,35,59,6,9
2009,11,25,1200,39,51,7,13
2009,11,25,1300,43,44,7,25
2009,11,25,1400,42,47,4,17
2009,11,25,1500,43,44,11,22
2009,11,25,1600,43,43,3,33
2009,11,25,1700,39,50,2,35
2009,11,25,1800,37,55,4,21
2009,11,25,1900,37,55,2,18
2009,11,25,2000,36,59,1,16
2009,11,25,2100,33,65,6,10
2009,11,25,2200,34,61,1,18
2009,11,25,2300,39,51,3,21
2009,11,25,2400,32,68,5,15
2009,11,26,100,30,74,0,7
2009,11,26,200,28,77,2,7
2009,11,26,300,28,79,2,9
2009,11,26,400,29,75,1,9
2009,11,26,500,29,73,2,10
2009,11,26,600,32,65,2,11
2009,11,26,700,35,56,0,14
2009,11,26,800,31,62,8,14
2009,11,26,900,38,45,5,22
2009,11,26,1000,41,44,0,16
2009,11,26,1100,43,37,1,15
2009,11,26,1200,44,37,4,10
2009,11,26,1300,44,35,1,12
2009,11,26,1400,44,35,5,13
2009,11,26,1500,48,28,2,17
2009,11,26,1600,48,28,3,17
2009,11,26,1700,43,34,3,20
2009,11,26,1800,47,26,7,17
2009,11,26,1900,43,32,3,11
2009,11,26,2000,35,60,2,8
2009,11,26,2100,32,59,2,7
2009,11,26,2200,33,62,4,9
2009,11,26,2300,32,58,0,6
2009,11,26,2400,32,58,0,5
2009,11,27,100,35,49,3,9
2009,11,27,200,32,57,1,7
2009,11,27,300,30,62,2,6
2009,11,27,400,32,64,0,5
2009,11,27,500,32,64,2,4
2009,11,27,600,32,66,2,4
2009,11,27,700,35,55,5,7
2009,11,27,800,38,44,3,14
2009,11,27,900,40,48,12,17
2009,11,27,1000,42,40,4,26
2009,11,27,1100,41,46,2,12
2009,11,27,1200,42,45,5,13
2009,11,27,1300,44,38,8,16
2009,11,27,1400,43,40,2,11
2009,11,27,1500,41,45,8,9
2009,11,27,1600,40,40,3,15
2009,11,27,1700,39,42,4,11
2009,11,27,1800,38,50,3,13
2009,11,27,1900,37,58,6,15
2009,11,27,2000,36,65,7,14
2009,11,27,2100,32,91,1,9
2009,11,27,2200,31,93,0,1
2009,11,27,2300,31,94,5,10
2009,11,27,2400,32,78,5,13
2009,11,28,100,30,89,2,12
2009,11,28,200,30,88,4,7
2009,11,28,300,30,75,4,11
2009,11,28,400,30,72,4,11
2009,11,28,500,28,77,2,15
2009,11,28,600,27,72,4,14
2009,11,28,700,26,71,11,27
2009,11,28,800,24,69,14,35
2009,11,28,900,26,66,8,24
2009,11,28,1000,28,61,4,25
2009,11,28,1100,31,52,3,25
2009,11,28,1200,30,58,12,25
2009,11,28,1300,31,55,11,19
2009,11,28,1400,29,40,1,15
2009,11,28,1500,28,46,1,21
2009,11,28,1600,29,47,3,24
2009,11,28,1700,27,49,2,14
2009,11,28,1800,22,63,5,10
2009,11,28,1900,21,72,3,8
2009,11,28,2000,27,56,7,23
2009,11,28,2100,28,51,1,29
2009,11,28,2200,26,57,6,17
2009,11,28,2300,28,57,17,26
2009,11,28,2400,28,54,4,32
2009,11,29,100,29,54,9,26
2009,11,29,200,28,58,5,39
2009,11,29,300,27,61,20,49
2009,11,29,400,27,63,22,51
2009,11,29,500,28,65,17,46
2009,11,29,600,28,67,17,50
2009,11,29,700,28,67,11,50
2009,11,29,800,28,66,19,46
2009,11,29,900,28,66,17,52
2009,11,29,1000,28,66,20,46
2009,11,29,1100,29,65,14,44
2009,11,29,1200,31,63,14,50
2009,11,29,1300,31,63,20,42
2009,11,29,1400,31,64,19,42
2009,11,29,1500,32,62,5,48
2009,11,29,1600,32,62,3,32
2009,11,29,1700,32,63,2,27
2009,11,29,1800,33,62,19,52
2009,11,29,1900,32,64,13,38
2009,11,29,2000,33,62,2,45
2009,11,29,2100,33,63,13,41
2009,11,29,2200,33,61,31,45
2009,11,29,2300,34,58,21,44
2009,11,29,2400,34,59,11,43
2009,11,30,100,34,57,4,24
2009,11,30,200,35,55,6,32
2009,11,30,300,34,52,7,44
2009,11,30,400,34,50,10,37
2009,11,30,500,36,46,11,36
2009,11,30,600,35,44,6,31
2009,11,30,700,36,41,4,28
2009,11,30,800,37,40,3,26
2009,11,30,900,31,57,0,14
2009,11,30,1000,36,45,1,13
2009,11,30,1100,35,49,2,8
2009,11,30,1200,42,34,8,17
2009,11,30,1300,43,24,4,28
2009,11,30,1400,44,21,10,18
2009,11,30,1500,43,22,6,29
2009,11,30,1600,43,22,1,19
2009,11,30,1700,37,34,4,17
2009,11,30,1800,41,24,4,24
2009,11,30,1900,40,28,5,16
2009,11,30,2000,32,42,1,12
2009,11,30,2100,37,34,4,10
2009,11,30,2200,38,28,1,12
2009,11,30,2300,37,32,2,9
2009,11,30,2400,36,34,4,11
2009,12,1,100,35,40,1,12
2009,12,1,200,33,45,3,15
2009,12,1,300,34,48,15,16
2009,12,1,400,28,68,5,15
2009,12,1,500,20,75,2,17
2009,12,1,600,16,81,3,20
2009,12,1,700,15,88,0,16
2009,12,1,800,16,81,2,12
2009,12,1,900,15,85,2,11
2009,12,1,1000,15,82,2,11
2009,12,1,1100,16,79,2,15
2009,12,1,1200,16,62,10,12
2009,12,1,1300,15,66,6,16
2009,12,1,1400,16,62,1,11
2009,12,1,1500,16,58,1,8
2009,12,1,1600,13,65,1,9
2009,12,1,1700,7,81,0,4
2009,12,1,1800,3,84,1,4
2009,12,1,1900,4,88,0,8
2009,12,1,2000,3,87,3,6
2009,12,1,2100,3,85,1,7
2009,12,1,2200,3,85,2,5
2009,12,1,2300,3,83,3,5
2009,12,1,2400,1,83,2,5
2009,12,2,100,-0,83,2,6
2009,12,2,200,-1,84,1,4
2009,12,2,300,-1,85,0,6
2009,12,2,400,-1,82,0,6
2009,12,2,500,-3,83,0,3
2009,12,2,600,-2,84,1,4
2009,12,2,700,-4,81,0,2
2009,12,2,800,-3,82,2,3
2009,12,2,900,5,80,0,4
2009,12,2,1000,10,73,1,2
2009,12,2,1100,12,70,2,4
2009,12,2,1200,10,72,3,7
2009,12,2,1300,10,70,0,6
2009,12,2,1400,10,70,0,3
2009,12,2,1500,9,72,0,2
2009,12,2,1600,9,80,1,6
2009,12,2,1700,6,84,1,5
2009,12,2,1800,3,83,1,2
2009,12,2,1900,6,85,1,5
2009,12,2,2000,7,81,0,5
2009,12,2,2100,4,81,1,4
2009,12,2,2200,4,82,1,4
2009,12,2,2300,-0,81,1,6
2009,12,2,2400,-2,82,2,5
2009,12,3,100,-1,83,4,6
2009,12,3,200,-2,82,0,7
2009,12,3,300,-4,82,1,3
2009,12,3,400,-1,83,1,5
2009,12,3,500,2,86,4,9
2009,12,3,600,1,86,2,13
2009,12,3,700,0,86,2,9
2009,12,3,800,-1,85,3,6
2009,12,3,900,4,87,1,8
2009,12,3,1000,5,85,3,7
2009,12,3,1100,8,77,6,10
2009,12,3,1200,9,72,6,10
2009,12,3,1300,10,69,5,10
2009,12,3,1400,10,68,3,8
2009,12,3,1500,8,68,5,10
2009,12,3,1600,6,68,8,11
2009,12,3,1700,5,68,6,14
2009,12,3,1800,3,73,4,13
2009,12,3,1900,1,77,5,12
2009,12,3,2000,-0,78,10,15
2009,12,3,2100,7,59,3,23
2009,12,3,2200,3,72,1,18
2009,12,3,2300,5,68,4,13
2009,12,3,2400,5,69,10,16
2009,12,4,100,3,73,2,15
2009,12,4,200,4,71,0,21
2009,12,4,300,5,69,2,15
2009,12,4,400,7,61,3,16
2009,12,4,500,9,56,6,28
2009,12,4,600,10,57,4,15
2009,12,4,700,14,48,6,22
2009,12,4,800,15,45,3,24
2009,12,4,900,16,45,1,20
2009,12,4,1000,20,40,0,8
2009,12,4,1100,25,34,2,10
2009,12,4,1200,27,32,6,14
2009,12,4,1300,31,25,6,10
2009,12,4,1400,29,33,3,15
2009,12,4,1500,23,40,0,9
2009,12,4,1600,22,53,1,6
2009,12,4,1700,26,37,1,12
2009,12,4,1800,24,43,4,12
2009,12,4,1900,22,46,7,14
2009,12,4,2000,21,49,1,13
2009,12,4,2100,20,52,4,11
2009,12,4,2200,19,56,7,8
2009,12,4,2300,16,81,2,11
2009,12,4,2400,15,82,7,15
2009,12,5,100,14,84,15,27
2009,12,5,200,14,78,12,24
2009,12,5,300,14,78,7,22
2009,12,5,400,13,84,10,25
2009,12,5,500,13,84,7,22
2009,12,5,600,13,89,4,14
2009,12,5,700,12,86,3,10
2009,12,5,800,11,85,2,8
2009,12,5,900,11,83,0,7
2009,12,5,1000,12,81,2,9
2009,12,5,1100,11,78,3,15
2009,12,5,1200,10,81,2,14
2009,12,5,1300,10,79,3,13
2009,12,5,1400,9,80,3,16
2009,12,5,1500,8,76,2,15
2009,12,5,1600,7,76,1,14
2009,12,5,1700,6,77,1,15
2009,12,5,1800,6,72,1,13
2009,12,5,1900,5,76,2,10
2009,12,5,2000,4,81,4,11
2009,12,5,2100,4,81,3,11
2009,12,5,2200,3,79,3,13
2009,12,5,2300,3,80,2,10
2009,12,5,2400,2,80,1,8
2009,12,6,100,2,79,0,6
2009,12,6,200,2,80,1,8
2009,12,6,300,0,77,3,13
2009,12,6,400,0,81,8,14
2009,12,6,500,-0,81,4,11
2009,12,6,600,-1,80,7,14
2009,12,6,700,-2,80,5,15
2009,12,6,800,-2,78,2,9
2009,12,6,900,-2,76,5,11
2009,12,6,1000,-1,71,2,10
2009,12,6,1100,-0,73,8,10
2009,12,6,1200,2,69,2,8
2009,12,6,1300,0,72,6,12
2009,12,6,1400,-1,68,2,12
2009,12,6,1500,-3,72,2,18
2009,12,6,1600,-4,73,2,11
2009,12,6,1700,-6,74,5,7
2009,12,6,1800,-6,75,1,8
2009,12,6,1900,-6,72,1,7
2009,12,6,2000,-8,72,1,9
2009,12,6,2100,-8,71,1,11
2009,12,6,2200,-9,69,2,8
2009,12,6,2300,-10,70,3,12
2009,12,6,2400,-11,68,2,11
2009,12,7,100,-12,70,2,12
2009,12,7,200,-12,70,1,9
2009,12,7,300,-13,69,4,8
2009,12,7,400,-13,68,1,7
2009,12,7,500,-14,69,3,7
2009,12,7,600,-14,69,1,7
2009,12,7,700,-15,70,2,6
2009,12,7,800,-16,71,2,6
2009,12,7,900,-14,67,4,9
2009,12,7,1000,-11,63,3,8
2009,12,7,1100,-9,59,6,9
2009,12,7,1200,-10,65,3,13
2009,12,7,1300,-10,64,1,12
2009,12,7,1400,-11,65,0,9
2009,12,7,1500,-12,69,1,9
2009,12,7,1600,-14,72,6,6
2009,12,7,1700,-15,73,3,9
2009,12,7,1800,-15,72,3,9
2009,12,7,1900,-16,71,4,9
2009,12,7,2000,-16,71,1,10
2009,12,7,2100,-17,71,1,9
2009,12,7,2200,-16,72,2,8
2009,12,7,2300,-17,73,4,8
2009,12,7,2400,-17,70,3,8
2009,12,8,100,-17,73,2,5
2009,12,8,200,-22,74,1,5
2009,12,8,300,-23,71,2,5
2009,12,8,400,-20,69,1,5
2009,12,8,500,-23,72,1,4
2009,12,8,600,-24,70,0,3
2009,12,8,700,-24,70,2,4
2009,12,8,800,-25,71,2,4
2009,12,8,900,-21,69,0,3
2009,12,8,1000,-16,67,1,4
2009,12,8,1100,-12,66,1,6
2009,12,8,1200,-13,67,4,10
2009,12,8,1300,-12,65,3,9
2009,12,8,1400,-13,70,3,9
2009,12,8,1500,-15,73,2,8
2009,12,8,1600,-17,73,2,7
2009,12,8,1700,-20,71,2,5
2009,12,8,1800,-20,76,2,6
2009,12,8,1900,-21,74,1,5
2009,12,8,2000,-21,72,4,5
2009,12,8,2100,-21,74,1,6
2009,12,8,2200,-20,74,3,7
2009,12,8,2300,-18,74,0,6
2009,12,8,2400,-18,73,1,8
2009,12,9,100,-15,76,0,10
2009,12,9,200,-16,77,0,7
2009,12,9,300,-16,78,1,7
2009,12,9,400,-15,78,1,9
2009,12,9,500,-16,77,2,11
2009,12,9,600,-14,77,6,15
2009,12,9,700,-14,78,1,21
2009,12,9,800,-12,79,3,14
2009,12,9,900,-7,77,2,18
2009,12,9,1000,-2,73,6,22
2009,12,9,1100,-2,72,5,24
2009,12,9,1200,-2,70,15,62
2009,12,9,1300,-3,68,13,42
2009,12,9,1400,-2,60,4,47
2009,12,9,1500,-2,59,2,35
2009,12,9,1600,-1,58,5,19
2009,12,9,1700,-1,58,8,28
2009,12,9,1800,-0,59,3,30
2009,12,9,1900,-0,56,0,15
2009,12,9,2000,-0,58,9,21
2009,12,9,2100,-1,61,7,37
2009,12,9,2200,1,59,14,37
2009,12,9,2300,1,52,9,33
2009,12,9,2400,1,51,1,34
2009,12,10,100,2,50,9,19
2009,12,10,200,-2,59,2,15
2009,12,10,300,-4,70,2,9
2009,12,10,400,2,53,5,11
2009,12,10,500,4,46,4,16
2009,12,10,600,5,48,4,16
2009,12,10,700,7,47,9,16
2009,12,10,800,7,48,6,22
2009,12,10,900,8,49,4,20
2009,12,10,1000,11,44,4,15
2009,12,10,1100,14,38,8,17
2009,12,10,1200,14,39,6,19
2009,12,10,1300,13,43,1,26
2009,12,10,1400,13,43,4,18
2009,12,10,1500,13,46,1,16
2009,12,10,1600,13,44,6,16
2009,12,10,1700,13,43,1,15
2009,12,10,1800,13,42,6,14
2009,12,10,1900,12,44,1,12
2009,12,10,2000,13,41,4,13
2009,12,10,2100,14,38,0,12
2009,12,10,2200,14,39,9,14
2009,12,10,2300,15,44,1,16
2009,12,10,2400,14,43,5,8
2009,12,11,100,15,41,5,10
2009,12,11,200,17,36,0,14
2009,12,11,300,18,34,5,12
2009,12,11,400,18,37,3,15
2009,12,11,500,17,36,5,17
2009,12,11,600,19,36,2,22
2009,12,11,700,21,36,13,26
2009,12,11,800,21,36,1,25
2009,12,11,900,22,36,4,24
2009,12,11,1000,24,32,7,29
2009,12,11,1100,25,31,7,19
2009,12,11,1200,25,33,5,18
2009,12,11,1300,28,27,2,13
2009,12,11,1400,28,30,3,15
2009,12,11,1500,28,29,11,20
2009,12,11,1600,27,28,1,16
2009,12,11,1700,25,37,0,12
2009,12,11,1800,19,50,4,8
2009,12,11,1900,21,45,3,11
2009,12,11,2000,25,32,14,18
2009,12,11,2100,27,30,4,18
2009,12,11,2200,27,28,4,15
2009,12,11,2300,28,26,1,12
2009,12,11,2400,29,27,4,11
2009,12,12,100,28,28,2,14
2009,12,12,200,26,33,5,17
2009,12,12,300,24,35,3,12
2009,12,12,400,23,35,3,20
2009,12,12,500,19,50,0,5
2009,12,12,600,22,41,7,13
2009,12,12,700,26,33,2,10
2009,12,12,800,26,39,4,14
2009,12,12,900,27,42,6,14
2009,12,12,1000,29,44,5,20
2009,12,12,1100,31,46,2,14
2009,12,12,1200,32,48,15,15
2009,12,12,1300,31,53,0,17
2009,12,12,1400,31,52,3,17
2009,12,12,1500,30,52,7,19
2009,12,12,1600,30,56,5,23
2009,12,12,1700,30,53,3,22
2009,12,12,1800,30,51,2,20
2009,12,12,1900,31,49,8,16
2009,12,12,2000,30,51,4,17
2009,12,12,2100,23,67,1,11
2009,12,12,2200,17,78,4,7
2009,12,12,2300,11,79,6,8
2009,12,12,2400,6,78,3,8
2009,12,13,100,4,78,2,6
2009,12,13,200,1,78,3,6
2009,12,13,300,-1,79,0,6
2009,12,13,400,-2,79,2,6
2009,12,13,500,-3,77,1,6
2009,12,13,600,-1,76,2,7
2009,12,13,700,-2,78,3,7
2009,12,13,800,-2,75,2,6
2009,12,13,900,-1,75,6,7
2009,12,13,1000,1,72,1,8
2009,12,13,1100,6,64,3,5
2009,12,13,1200,13,51,1,5
2009,12,13,1300,15,52,0,5
2009,12,13,1400,10,60,3,4
2009,12,13,1500,7,64,0,7
2009,12,13,1600,7,68,3,9
2009,12,13,1700,2,75,2,8
2009,12,13,1800,1,82,1,10
2009,12,13,1900,4,81,2,7
2009,12,13,2000,3,83,3,6
2009,12,13,2100,4,82,0,7
2009,12,13,2200,2,82,2,7
2009,12,13,2300,2,79,0,5
2009,12,13,2400,1,84,0,10
2009,12,14,100,-0,84,1,9
2009,12,14,200,7,85,1,5
2009,12,14,300,3,84,0,6
2009,12,14,400,2,78,0,8
2009,12,14,500,9,82,1,4
2009,12,14,600,10,82,0,5
2009,12,14,700,14,82,1,9
2009,12,14,800,19,67,4,9
2009,12,14,900,21,61,0,13
2009,12,14,1000,23,57,2,10
2009,12,14,1100,23,55,13,16
2009,12,14,1200,24,51,0,19
2009,12,14,1300,23,49,10,11
2009,12,14,1400,23,53,8,17
2009,12,14,1500,23,52,8,12
2009,12,14,1600,23,57,4,13
2009,12,14,1700,22,61,3,14
2009,12,14,1800,22,59,4,8
2009,12,14,1900,22,70,2,6
2009,12,14,2000,23,59,2,8
2009,12,14,2100,23,57,3,10
2009,12,14,2200,25,51,7,23
2009,12,14,2300,25,55,5,31
2009,12,14,2400,26,47,8,25
2009,12,15,100,26,48,5,33
2009,12,15,200,26,47,0,15
2009,12,15,300,26,47,1,14
2009,12,15,400,28,48,7,36
2009,12,15,500,26,55,6,27
2009,12,15,600,29,50,9,23
2009,12,15,700,28,49,7,16
2009,12,15,800,29,51,10,24
2009,12,15,900,31,51,12,21
2009,12,15,1000,32,51,5,21
2009,12,15,1100,35,46,7,20
2009,12,15,1200,35,48,6,17
2009,12,15,1300,36,46,1,19
2009,12,15,1400,34,56,4,16
2009,12,15,1500,34,58,5,16
2009,12,15,1600,33,62,10,29
2009,12,15,1700,33,56,3,34
2009,12,15,1800,32,57,2,18
2009,12,15,1900,30,63,2,11
2009,12,15,2000,33,55,8,17
2009,12,15,2100,35,51,3,21
2009,12,15,2200,34,55,4,19
2009,12,15,2300,30,66,0,19
2009,12,15,2400,32,61,2,17
2009,12,16,100,32,62,3,24
2009,12,16,200,34,58,12,20
2009,12,16,300,32,62,8,22
2009,12,16,400,31,67,6,17
2009,12,16,500,35,59,6,24
2009,12,16,600,34,61,4,20
2009,12,16,700,28,74,2,17
2009,12,16,800,36,57,3,20
2009,12,16,900,37,55,7,24
2009,12,16,1000,38,55,3,20
2009,12,16,1100,39,55,5,11
2009,12,16,1200,39,53,4,20
2009,12,16,1300,38,54,7,17
2009,12,16,1400,39,53,2,12
2009,12,16,1500,39,53,1,21
2009,12,16,1600,38,55,6,18
2009,12,16,1700,38,56,5,19
2009,12,16,1800,37,59,7,29
2009,12,16,1900,37,61,2,13
2009,12,16,2000,36,60,9,13
2009,12,16,2100,36,62,3,16
2009,12,16,2200,36,59,13,16
2009,12,16,2300,35,56,1,20
2009,12,16,2400,34,58,2,10
2009,12,17,100,33,63,3,8
2009,12,17,200,34,54,6,12
2009,12,17,300,34,57,5,11
2009,12,17,400,31,62,4,9
2009,12,17,500,29,71,0,8
2009,12,17,600,29,92,2,6
2009,12,17,700,30,82,0,7
2009,12,17,800,31,77,0,6
2009,12,17,900,32,77,2,6
2009,12,17,1000,38,56,9,15
2009,12,17,1100,34,66,1,18
2009,12,17,1200,33,71,3,16
2009,12,17,1300,34,64,8,16
2009,12,17,1400,33,64,1,15
2009,12,17,1500,33,66,4,14
2009,12,17,1600,33,63,3,11
2009,12,17,1700,31,69,10,15
2009,12,17,1800,32,58,8,25
2009,12,17,1900,30,67,9,14
2009,12,17,2000,27,77,2,13
2009,12,17,2100,29,66,6,23
2009,12,17,2200,27,78,10,19
2009,12,17,2300,28,71,3,22
2009,12,17,2400,27,67,11,28
2009,12,18,100,27,69,5,28
2009,12,18,200,24,78,3,21
2009,12,18,300,20,83,8,21
2009,12,18,400,19,87,2,8
2009,12,18,500,20,82,1,6
2009,12,18,600,19,86,0,7
2009,12,18,700,17,89,5,7
2009,12,18,800,20,87,6,10
2009,12,18,900,20,85,6,14
2009,12,18,1000,24,73,4,13
2009,12,18,1100,25,67,7,18
2009,12,18,1200,26,62,8,20
2009,12,18,1300,29,54,5,18
2009,12,18,1400,31,49,28,29
2009,12,18,1500,31,50,13,36
2009,12,18,1600,32,56,2,33
2009,12,18,1700,32,59,6,16
2009,12,18,1800,32,59,15,28
2009,12,18,1900,33,58,29,41
2009,12,18,2000,31,63,0,35
2009,12,18,2100,31,63,3,28
2009,12,18,2200,31,65,7,21
2009,12,18,2300,29,67,6,23
2009,12,18,2400,28,68,3,19
2009,12,19,100,28,69,5,34
2009,12,19,200,25,73,2,34
2009,12,19,300,26,73,2,12
2009,12,19,400,25,73,4,13
2009,12,19,500,24,78,10,16
2009,12,19,600,23,81,2,12
2009,12,19,700,22,81,4,7
2009,12,19,800,21,84,0,8
2009,12,19,900,25,75,1,8
2009,12,19,1000,28,68,1,7
2009,12,19,1100,30,63,3,11
2009,12,19,1200,35,53,3,12
2009,12,19,1300,33,58,2,15
2009,12,19,1400,37,50,3,11
2009,12,19,1500,35,57,1,14
2009,12,19,1600,36,55,2,14
2009,12,19,1700,35,63,5,13
2009,12,19,1800,34,65,2,9
2009,12,19,1900,35,61,1,5
2009,12,19,2000,36,62,0,11
2009,12,19,2100,35,71,3,14
2009,12,19,2200,35,71,2,8
2009,12,19,2300,33,84,2,11
2009,12,19,2400,32,92,1,10
2009,12,20,100,32,92,2,4
2009,12,20,200,33,85,2,6
2009,12,20,300,33,88,0,6
2009,12,20,400,32,90,1,9
2009,12,20,500,33,85,5,8
2009,12,20,600,33,82,1,8
2009,12,20,700,34,80,9,20
2009,12,20,800,35,73,1,27
2009,12,20,900,33,91,1,11
2009,12,20,1000,34,88,1,7
2009,12,20,1100,35,88,1,4
2009,12,20,1200,37,85,0,5
2009,12,20,1300,38,82,1,4
2009,12,20,1400,39,81,1,5
2009,12,20,1500,37,88,2,7
2009,12,20,1600,36,87,4,7
2009,12,20,1700,34,87,3,10
2009,12,20,1800,34,91,0,6
2009,12,20,1900,33,92,0,6
2009,12,20,2000,33,92,0,6
2009,12,20,2100,36,74,5,12
2009,12,20,2200,39,61,5,28
2009,12,20,2300,37,69,4,29
2009,12,20,2400,36,77,7,21
2009,12,21,100,32,90,2,21
2009,12,21,200,33,91,2,14
2009,12,21,300,33,88,1,9
2009,12,21,400,34,80,1,10
2009,12,21,500,34,79,8,10
2009,12,21,600,34,80,0,8
2009,12,21,700,35,79,3,8
2009,12,21,800,33,78,0,5
2009,12,21,900,35,63,5,16
2009,12,21,1000,33,75,2,13
2009,12,21,1100,40,51,1,14
2009,12,21,1200,40,46,6,24
2009,12,21,1300,40,46,12,19
2009,12,21,1400,39,47,0,16
2009,12,21,1500,39,59,1,8
2009,12,21,1600,33,61,5,9
2009,12,21,1700,35,59,1,15
2009,12,21,1800,30,73,0,13
2009,12,21,1900,29,77,3,8
2009,12,21,2000,29,75,3,8
2009,12,21,2100,28,81,4,8
2009,12,21,2200,28,81,3,6
2009,12,21,2300,26,82,2,6
2009,12,21,2400,24,84,4,6
2009,12,22,100,24,85,3,6
2009,12,22,200,24,83,5,6
2009,12,22,300,23,85,0,6
2009,12,22,400,23,84,4,7
2009,12,22,500,22,83,2,8
2009,12,22,600,22,85,3,5
2009,12,22,700,24,83,3,7
2009,12,22,800,25,82,1,7
2009,12,22,900,27,80,1,4
2009,12,22,1000,35,60,1,5
2009,12,22,1100,38,55,1,7
2009,12,22,1200,39,49,2,7
2009,12,22,1300,37,57,1,9
2009,12,22,1400,34,65,0,5
2009,12,22,1500,30,73,3,7
2009,12,22,1600,28,77,0,4
2009,12,22,1700,25,81,2,3
2009,12,22,1800,27,82,3,6
2009,12,22,1900,24,90,2,6
2009,12,22,2000,24,92,0,3
2009,12,22,2100,23,94,1,4
2009,12,22,2200,23,94,1,5
2009,12,22,2300,23,95,2,6
2009,12,22,2400,22,94,3,4
2009,12,23,100,22,93,2,4
2009,12,23,200,21,93,5,6
2009,12,23,300,21,92,1,9
2009,12,23,400,21,92,0,8
2009,12,23,500,20,92,3,13
2009,12,23,600,19,92,4,6
2009,12,23,700,18,92,3,19
2009,12,23,800,14,88,1,9
2009,12,23,900,17,79,5,13
2009,12,23,1000,17,67,5,20
2009,12,23,1100,18,62,4,27
2009,12,23,1200,16,79,7,16
2009,12,23,1300,12,80,4,10
2009,12,23,1400,13,78,2,12
2009,12,23,1500,8,85,1,10
2009,12,23,1600,8,85,0,5
2009,12,23,1700,7,87,0,3
2009,12,23,1800,6,88,0,5
2009,12,23,1900,6,87,3,8
2009,12,23,2000,5,89,3,13
2009,12,23,2100,6,87,4,12
2009,12,23,2200,7,87,1,6
2009,12,23,2300,6,87,3,10
2009,12,23,2400,6,86,2,26
2009,12,24,100,13,75,7,20
2009,12,24,200,13,78,17,28
2009,12,24,300,12,76,19,41
2009,12,24,400,12,71,17,47
2009,12,24,500,7,83,8,29
2009,12,24,600,6,82,7,24
2009,12,24,700,7,80,10,30
2009,12,24,800,4,88,5,28
2009,12,24,900,4,87,8,33
2009,12,24,1000,8,80,6,34
2009,12,24,1100,11,65,4,36
2009,12,24,1200,13,57,7,33
2009,12,24,1300,14,48,7,37
2009,12,24,1400,13,51,4,33
2009,12,24,1500,14,52,6,27
2009,12,24,1600,15,49,10,24
2009,12,24,1700,15,49,14,30
2009,12,24,1800,15,53,8,31
2009,12,24,1900,15,52,3,30
2009,12,24,2000,16,48,1,18
2009,12,24,2100,16,53,11,22
2009,12,24,2200,16,55,7,21
2009,12,24,2300,14,62,5,21
2009,12,24,2400,14,66,2,13
2009,12,25,100,14,70,4,9
2009,12,25,200,16,69,0,17
2009,12,25,300,15,72,4,20
2009,12,25,400,15,75,0,9
2009,12,25,500,15,75,0,9
2009,12,25,600,15,76,1,8
2009,12,25,700,15,77,0,9
2009,12,25,800,15,80,2,11
2009,12,25,900,14,86,2,7
2009,12,25,1000,15,87,5,11
2009,12,25,1100,17,84,1,10
2009,12,25,1200,19,76,5,10
2009,12,25,1300,19,74,6,11
2009,12,25,1400,19,78,2,10
2009,12,25,1500,18,77,0,7
2009,12,25,1600,13,80,0,2
2009,12,25,1700,9,83,1,4
2009,12,25,1800,9,85,0,3
2009,12,25,1900,8,85,3,6
2009,12,25,2000,6,86,2,6
2009,12,25,2100,6,86,2,5
2009,12,25,2200,6,85,2,6
2009,12,25,2300,6,85,3,4
2009,12,25,2400,5,85,2,5
2009,12,26,100,5,84,3,7
2009,12,26,200,4,85,1,4
2009,12,26,300,4,86,3,4
2009,12,26,400,4,85,1,4
2009,12,26,500,4,85,2,5
2009,12,26,600,4,86,2,5
2009,12,26,700,5,87,3,5
2009,12,26,800,4,85,2,5
2009,12,26,900,6,84,0,4
2009,12,26,1000,13,74,1,2
2009,12,26,1100,19,73,2,6
2009,12,26,1200,18,73,2,7
2009,12,26,1300,19,69,3,7
2009,12,26,1400,19,67,0,8
2009,12,26,1500,16,72,0,3
2009,12,26,1600,13,77,0,1
2009,12,26,1700,10,81,1,2
2009,12,26,1800,9,83,1,2
2009,12,26,1900,9,83,1,2
2009,12,26,2000,8,84,1,3
2009,12,26,2100,9,85,2,4
2009,12,26,2200,8,84,1,3
2009,12,26,2300,7,84,0,2
2009,12,26,2400,6,82,0,2
2009,12,27,100,6,82,1,3
2009,12,27,200,5,83,2,2
2009,12,27,300,5,81,2,4
2009,12,27,400,5,82,2,5
2009,12,27,500,4,81,2,4
2009,12,27,600,4,81,0,3
2009,12,27,700,4,82,0,4
2009,12,27,800,3,80,0,3
2009,12,27,900,6,80,1,2
2009,12,27,1000,13,69,0,2
2009,12,27,1100,17,70,0,2
2009,12,27,1200,19,64,1,6
2009,12,27,1300,19,64,1,3
2009,12,27,1400,17,69,0,4
2009,12,27,1500,14,73,1,4
2009,12,27,1600,12,76,0,2
2009,12,27,1700,8,78,0,1
2009,12,27,1800,6,78,0,3
2009,12,27,1900,6,82,0,2
2009,12,27,2000,5,82,1,2
2009,12,27,2100,4,83,1,2
2009,12,27,2200,4,83,2,3
2009,12,27,2300,4,83,1,2
2009,12,27,2400,4,83,2,4
2009,12,28,100,4,83,1,3
2009,12,28,200,3,83,0,3
2009,12,28,300,3,83,0,5
2009,12,28,400,3,84,2,5
2009,12,28,500,4,83,2,4
2009,12,28,600,4,81,2,3
2009,12,28,700,4,80,0,3
2009,12,28,800,4,81,0,4
2009,12,28,900,9,78,0,5
2009,12,28,1000,17,66,2,5
2009,12,28,1100,20,57,1,5
2009,12,28,1200,23,47,7,10
2009,12,28,1300,26,44,4,10
2009,12,28,1400,22,52,3,7
2009,12,28,1500,18,64,0,5
2009,12,28,1600,17,65,2,5
2009,12,28,1700,15,68,2,7
2009,12,28,1800,12,71,3,8
2009,12,28,1900,11,74,3,6
2009,12,28,2000,10,76,2,6
2009,12,28,2100,10,76,3,7
2009,12,28,2200,10,76,5,9
2009,12,28,2300,10,75,1,9
2009,12,28,2400,9,77,4,7
2009,12,29,100,10,76,2,8
2009,12,29,200,9,77,2,5
2009,12,29,300,9,79,1,7
2009,12,29,400,8,79,2,10
2009,12,29,500,8,81,0,8
2009,12,29,600,7,79,7,8
2009,12,29,700,8,80,2,10
2009,12,29,800,9,75,2,9
2009,12,29,900,12,71,4,17
2009,12,29,1000,20,58,4,12
2009,12,29,1100,22,54,1,20
2009,12,29,1200,24,51,5,10
2009,12,29,1300,22,52,1,16
2009,12,29,1400,22,53,2,13
2009,12,29,1500,24,55,1,21
2009,12,29,1600,23,58,8,21
2009,12,29,1700,19,60,0,19
2009,12,29,1800,16,65,1,9
2009,12,29,1900,15,72,0,5
2009,12,29,2000,16,73,3,6
2009,12,29,2100,15,75,0,6
2009,12,29,2200,17,73,0,4
2009,12,29,2300,17,74,2,4
2009,12,29,2400,15,71,2,6
2009,12,30,100,14,77,0,4
2009,12,30,200,16,76,0,6
2009,12,30,300,16,76,0,5
2009,12,30,400,11,81,1,6
2009,12,30,500,13,79,4,8
2009,12,30,600,12,80,6,8
2009,12,30,700,12,81,0,6
2009,12,30,800,13,78,6,9
2009,12,30,900,16,69,3,21
2009,12,30,1000,18,65,5,10
2009,12,30,1100,19,64,9,9
2009,12,30,1200,19,65,2,10
2009,12,30,1300,19,69,1,10
2009,12,30,1400,22,71,5,17
2009,12,30,1500,22,74,5,12
2009,12,30,1600,20,82,4,11
2009,12,30,1700,21,81,1,9
2009,12,30,1800,21,78,1,6
2009,12,30,1900,22,75,3,13
2009,12,30,2000,23,70,4,32
2009,12,30,2100,23,68,1,21
2009,12,30,2200,23,68,4,14
2009,12,30,2300,23,66,3,13
2009,12,30,2400,23,65,5,11
2009,12,31,100,23,62,2,9
2009,12,31,200,23,61,2,8
2009,12,31,300,23,64,0,8
2009,12,31,400,23,60,1,8
2009,12,31,500,23,61,2,7
2009,12,31,600,23,60,2,7
2009,12,31,700,24,57,4,8
2009,12,31,800,24,57,4,14
2009,12,31,900,24,53,3,23
2009,12,31,1000,24,48,13,33
2009,12,31,1100,26,46,5,27
2009,12,31,1200,26,43,7,28
2009,12,31,1300,27,43,8,33
2009,12,31,1400,26,44,3,32
2009,12,31,1500,26,43,5,31
2009,12,31,1600,25,43,4,20
2009,12,31,1700,26,40,2,19
2009,12,31,1800,25,42,4,14
2009,12,31,1900,24,47,12,18
2009,12,31,2000,23,59,6,25
2009,12,31,2100,20,87,8,16
2009,12,31,2200,20,92,1,11
2009,12,31,2300,21,92,0,8
2009,12,31,2400,21,91,0,5
2010,1,1,100,23,84,3,13
2010,1,1,200,25,75,2,18
2010,1,1,300,22,83,1,6
2010,1,1,400,26,80,1,7
2010,1,1,500,25,76,3,7
2010,1,1,600,25,76,2,6
2010,1,1,700,25,83,1,14
2010,1,1,800,26,87,4,17
2010,1,1,900,26,85,5,11
2010,1,1,1000,29,79,3,7
2010,1,1,1100,31,73,1,6
2010,1,1,1200,34,63,5,8
2010,1,1,1300,34,60,5,14
2010,1,1,1400,35,60,1,20
2010,1,1,1500,37,54,4,13
2010,1,1,1600,32,62,4,17
2010,1,1,1700,31,63,0,14
2010,1,1,1800,28,69,1,9
2010,1,1,1900,29,67,4,13
2010,1,1,2000,28,85,0,10
2010,1,1,2100,28,84,1,3
2010,1,1,2200,27,87,3,4
2010,1,1,2300,32,68,4,14
2010,1,1,2400,31,74,0,14
2010,1,2,100,30,76,0,4
2010,1,2,200,31,67,16,16
2010,1,2,300,31,69,2,16
2010,1,2,400,31,65,3,10
2010,1,2,500,31,62,0,7
2010,1,2,600,32,60,2,9
2010,1,2,700,31,61,1,7
2010,1,2,800,31,65,0,9
2010,1,2,900,32,58,2,8
2010,1,2,1000,34,55,6,8
2010,1,2,1100,34,54,3,12
2010,1,2,1200,34,54,7,13
2010,1,2,1300,33,54,5,20
2010,1,2,1400,34,55,10,23
2010,1,2,1500,31,73,1,12
2010,1,2,1600,30,76,3,11
2010,1,2,1700,30,69,4,11
2010,1,2,1800,30,68,1,10
2010,1,2,1900,30,70,4,8
2010,1,2,2000,29,79,4,7
2010,1,2,2100,27,92,5,9
2010,1,2,2200,29,81,1,10
2010,1,2,2300,29,73,13,23
2010,1,2,2400,28,80,5,21
2010,1,3,100,28,78,2,12
2010,1,3,200,28,81,6,18
2010,1,3,300,28,76,2,14
2010,1,3,400,28,74,4,7
2010,1,3,500,28,75,1,13
2010,1,3,600,28,74,0,9
2010,1,3,700,26,83,0,8
2010,1,3,800,26,73,3,18
2010,1,3,900,28,68,1,8
2010,1,3,1000,28,76,1,5
2010,1,3,1100,30,70,0,4
2010,1,3,1200,32,62,3,6
2010,1,3,1300,33,52,5,13
2010,1,3,1400,31,54,5,18
2010,1,3,1500,31,53,5,11
2010,1,3,1600,28,67,2,12
2010,1,3,1700,24,75,0,6
2010,1,3,1800,21,77,1,7
2010,1,3,1900,20,78,4,6
2010,1,3,2000,18,81,4,7
2010,1,3,2100,18,83,0,7
2010,1,3,2200,17,82,6,6
2010,1,3,2300,16,85,1,7
2010,1,3,2400,17,85,2,6
2010,1,4,100,19,83,1,4
2010,1,4,200,20,80,0,5
2010,1,4,300,20,81,0,5
2010,1,4,400,20,81,1,3
2010,1,4,500,21,79,0,4
2010,1,4,600,21,78,1,5
2010,1,4,700,22,79,1,4
2010,1,4,800,23,79,1,4
2010,1,4,900,25,71,1,5
2010,1,4,1000,28,60,0,4
2010,1,4,1100,28,79,1,4
2010,1,4,1200,30,80,2,5
2010,1,4,1300,29,87,5,7
2010,1,4,1400,30,88,1,8
2010,1,4,1500,29,92,0,3
2010,1,4,1600,30,92,2,4
2010,1,4,1700,29,92,4,5
2010,1,4,1800,29,94,0,5
2010,1,4,1900,26,90,1,6
2010,1,4,2000,24,91,4,5
2010,1,4,2100,26,92,0,5
2010,1,4,2200,28,93,2,4
2010,1,4,2300,28,94,2,4
2010,1,4,2400,28,95,1,6
2010,1,5,100,29,96,1,10
2010,1,5,200,29,96,3,8
2010,1,5,300,29,96,2,9
2010,1,5,400,28,94,4,15
2010,1,5,500,29,93,0,4
2010,1,5,600,30,87,2,10
2010,1,5,700,31,85,1,9
2010,1,5,800,30,90,0,4
2010,1,5,900,31,90,1,5
2010,1,5,1000,32,87,1,5
2010,1,5,1100,33,89,1,5
2010,1,5,1200,32,91,0,5
2010,1,5,1300,33,91,1,3
2010,1,5,1400,32,93,0,5
2010,1,5,1500,32,93,0,3
2010,1,5,1600,32,93,0,4
2010,1,5,1700,31,94,1,3
2010,1,5,1800,31,95,2,4
2010,1,5,1900,25,95,3,8
2010,1,5,2000,17,92,4,9
2010,1,5,2100,12,88,3,7
2010,1,5,2200,7,85,2,10
2010,1,5,2300,4,85,2,9
2010,1,5,2400,4,85,1,5
2010,1,6,100,3,86,1,6
2010,1,6,200,2,87,2,4
2010,1,6,300,1,86,3,6
2010,1,6,400,-1,85,3,5
2010,1,6,500,-1,85,1,5
2010,1,6,600,-2,84,2,4
2010,1,6,700,-3,84,3,4
2010,1,6,800,-3,84,3,4
2010,1,6,900,-2,83,1,6
2010,1,6,1000,0,82,2,6
2010,1,6,1100,1,80,3,8
2010,1,6,1200,1,79,4,8
2010,1,6,1300,2,78,5,8
2010,1,6,1400,1,80,3,6
2010,1,6,1500,1,75,1,6
2010,1,6,1600,-5,76,0,3
2010,1,6,1700,-8,78,0,2
2010,1,6,1800,-10,77,1,2
2010,1,6,1900,-11,78,2,4
2010,1,6,2000,-11,78,2,4
2010,1,6,2100,-11,77,0,4
2010,1,6,2200,-12,77,2,3
2010,1,6,2300,-12,77,1,4
2010,1,6,2400,-12,79,3,4
2010,1,7,100,-11,78,2,5
2010,1,7,200,-10,77,2,5
2010,1,7,300,-11,78,1,5
2010,1,7,400,-11,77,1,6
2010,1,7,500,-12,78,0,5
2010,1,7,600,-10,78,2,3
2010,1,7,700,-12,79,4,4
2010,1,7,800,-11,83,3,5
2010,1,7,900,-6,82,3,6
2010,1,7,1000,-0,72,1,6
2010,1,7,1100,5,68,0,4
2010,1,7,1200,10,67,0,4
2010,1,7,1300,11,68,2,4
2010,1,7,1400,6,76,0,3
2010,1,7,1500,4,82,1,5
2010,1,7,1600,-0,82,3,6
2010,1,7,1700,0,80,0,6
2010,1,7,1800,-2,82,0,5
2010,1,7,1900,-3,82,5,6
2010,1,7,2000,-0,83,1,7
2010,1,7,2100,2,81,2,8
2010,1,7,2200,3,80,1,10
2010,1,7,2300,2,79,2,6
2010,1,7,2400,2,84,2,6
2010,1,8,100,2,86,1,6
2010,1,8,200,3,84,1,8
2010,1,8,300,3,84,1,10
2010,1,8,400,6,83,1,9
2010,1,8,500,4,81,2,7
2010,1,8,600,3,86,1,11
2010,1,8,700,6,79,1,11
2010,1,8,800,4,83,1,11
2010,1,8,900,8,80,2,13
2010,1,8,1000,12,70,4,7
2010,1,8,1100,18,65,3,10
2010,1,8,1200,19,67,3,10
2010,1,8,1300,17,71,5,10
2010,1,8,1400,19,62,0,9
2010,1,8,1500,21,64,3,8
2010,1,8,1600,18,74,0,6
2010,1,8,1700,16,78,2,7
2010,1,8,1800,14,84,2,7
2010,1,8,1900,17,81,1,7
2010,1,8,2000,18,81,1,10
2010,1,8,2100,19,78,1,7
2010,1,8,2200,18,80,1,7
2010,1,8,2300,18,83,0,6
2010,1,8,2400,18,82,1,7
2010,1,9,100,18,84,0,7
2010,1,9,200,17,77,3,7
2010,1,9,300,16,82,1,10
2010,1,9,400,18,75,2,11
2010,1,9,500,16,83,0,10
2010,1,9,600,16,86,2,11
2010,1,9,700,15,85,0,11
2010,1,9,800,15,87,2,8
2010,1,9,900,20,77,1,11
2010,1,9,1000,28,69,2,10
2010,1,9,1100,31,54,1,6
2010,1,9,1200,29,60,6,7
2010,1,9,1300,30,57,2,11
2010,1,9,1400,28,66,4,8
2010,1,9,1500,29,68,1,11
2010,1,9,1600,29,66,1,8
2010,1,9,1700,26,74,3,8
2010,1,9,1800,27,84,4,7
2010,1,9,1900,29,75,1,12
2010,1,9,2000,28,76,1,15
2010,1,9,2100,27,68,2,11
2010,1,9,2200,25,85,2,7
2010,1,9,2300,27,72,6,8
2010,1,9,2400,27,72,9,20
2010,1,10,100,26,74,0,14
2010,1,10,200,24,88,1,21
2010,1,10,300,23,82,0,11
2010,1,10,400,22,85,0,5
2010,1,10,500,23,85,3,9
2010,1,10,600,23,81,4,11
2010,1,10,700,23,87,9,10
2010,1,10,800,22,84,6,12
2010,1,10,900,23,82,2,10
2010,1,10,1000,28,70,2,8
2010,1,10,1100,32,66,2,6
2010,1,10,1200,34,61,1,6
2010,1,10,1300,36,60,1,5
2010,1,10,1400,34,68,1,5
2010,1,10,1500,29,79,1,4
2010,1,10,1600,26,87,1,7
2010,1,10,1700,25,89,5,5
2010,1,10,1800,23,89,1,7
2010,1,10,1900,23,92,0,8
2010,1,10,2000,22,88,2,6
2010,1,10,2100,21,91,2,8
2010,1,10,2200,21,92,1,6
2010,1,10,2300,22,88,3,8
2010,1,10,2400,21,88,2,11
2010,1,11,100,22,91,1,8
2010,1,11,200,22,89,1,5
2010,1,11,300,21,89,2,7
2010,1,11,400,23,85,0,5
2010,1,11,500,22,86,2,8
2010,1,11,600,21,86,2,6
2010,1,11,700,22,88,3,7
2010,1,11,800,23,79,2,7
2010,1,11,900,24,83,0,8
2010,1,11,1000,32,59,0,6
2010,1,11,1100,36,52,3,6
2010,1,11,1200,39,52,2,12
2010,1,11,1300,40,59,4,13
2010,1,11,1400,37,69,2,8
2010,1,11,1500,36,64,3,11
2010,1,11,1600,38,50,4,28
2010,1,11,1700,35,66,1,16
2010,1,11,1800,33,68,3,15
2010,1,11,1900,30,83,4,11
2010,1,11,2000,29,85,6,7
2010,1,11,2100,29,78,1,9
2010,1,11,2200,28,82,1,6
2010,1,11,2300,27,84,0,7
2010,1,11,2400,27,82,1,4
2010,1,12,100,25,84,2,6
2010,1,12,200,25,80,4,7
2010,1,12,300,27,73,7,14
2010,1,12,400,26,69,1,10
2010,1,12,500,26,75,3,12
2010,1,12,600,27,69,2,11
2010,1,12,700,27,64,1,10
2010,1,12,800,30,48,6,13
2010,1,12,900,32,46,6,17
2010,1,12,1000,40,34,4,17
2010,1,12,1100,39,34,5,21
2010,1,12,1200,42,34,3,23
2010,1,12,1300,43,34,9,22
2010,1,12,1400,46,37,5,20
2010,1,12,1500,44,42,5,19
2010,1,12,1600,45,39,2,23
2010,1,12,1700,43,42,6,18
2010,1,12,1800,42,45,9,28
2010,1,12,1900,42,43,15,32
2010,1,12,2000,38,48,5,24
2010,1,12,2100,37,52,11,18
2010,1,12,2200,40,47,2,19
2010,1,12,2300,38,57,9,21
2010,1,12,2400,36,72,15,33
2010,1,13,100,36,69,7,27
2010,1,13,200,36,64,4,20
2010,1,13,300,37,60,0,14
2010,1,13,400,38,57,1,17
2010,1,13,500,38,55,5,14
2010,1,13,600,37,54,6,20
2010,1,13,700,32,71,0,18
2010,1,13,800,28,74,3,6
2010,1,13,900,28,74,2,6
2010,1,13,1000,34,62,1,7
2010,1,13,1100,41,46,4,8
2010,1,13,1200,42,40,1,12
2010,1,13,1300,43,38,2,8
2010,1,13,1400,43,41,4,9
2010,1,13,1500,38,54,0,7
2010,1,13,1600,38,60,0,3
2010,1,13,1700,34,69,2,5
2010,1,13,1800,32,69,1,7
2010,1,13,1900,30,74,1,10
2010,1,13,2000,27,78,2,8
2010,1,13,2100,28,76,0,10
2010,1,13,2200,31,70,9,12
2010,1,13,2300,31,73,3,13
2010,1,13,2400,32,69,0,7
2010,1,14,100,32,77,0,4
2010,1,14,200,32,69,5,8
2010,1,14,300,34,72,2,15
2010,1,14,400,30,90,1,19
2010,1,14,500,29,93,1,9
2010,1,14,600,29,95,1,10
2010,1,14,700,29,96,7,16
2010,1,14,800,30,96,4,9
2010,1,14,900,30,96,6,11
2010,1,14,1000,32,82,9,13
2010,1,14,1100,37,64,6,17
2010,1,14,1200,38,62,11,22
2010,1,14,1300,34,63,8,16
2010,1,14,1400,34,60,5,25
2010,1,14,1500,33,69,6,16
2010,1,14,1600,33,64,9,21
2010,1,14,1700,32,63,10,57
2010,1,14,1800,32,58,21,39
2010,1,14,1900,31,57,4,37
2010,1,14,2000,31,57,2,29
2010,1,14,2100,31,58,4,22
2010,1,14,2200,31,56,23,25
2010,1,14,2300,30,59,4,29
2010,1,14,2400,27,67,2,10
2010,1,15,100,26,69,2,7
2010,1,15,200,33,45,6,19
2010,1,15,300,33,43,6,19
2010,1,15,400,33,42,5,18
2010,1,15,500,30,56,2,12
2010,1,15,600,25,70,4,9
2010,1,15,700,25,71,1,8
2010,1,15,800,25,73,7,8
2010,1,15,900,27,66,1,7
2010,1,15,1000,36,43,1,11
2010,1,15,1100,39,38,8,12
2010,1,15,1200,43,30,4,17
2010,1,15,1300,43,30,4,14
2010,1,15,1400,43,31,7,16
2010,1,15,1500,39,44,5,25
2010,1,15,1600,42,33,3,19
2010,1,15,1700,39,36,13,20
2010,1,15,1800,39,39,10,22
2010,1,15,1900,42,30,8,27
2010,1,15,2000,39,36,3,25
2010,1,15,2100,41,29,14,38
2010,1,15,2200,42,27,13,36
2010,1,15,2300,41,28,14,35
2010,1,15,2400,41,27,7,32
2010,1,16,100,40,29,5,34
2010,1,16,200,41,29,5,30
2010,1,16,300,41,29,14,37
2010,1,16,400,41,29,18,37
2010,1,16,500,41,30,6,39
2010,1,16,600,39,30,0,21
2010,1,16,700,32,49,4,14
2010,1,16,800,32,45,3,8
2010,1,16,900,36,41,3,9
2010,1,16,1000,39,34,7,12
2010,1,16,1100,36,41,3,11
2010,1,16,1200,45,29,7,27
2010,1,16,1300,45,27,7,21
2010,1,16,1400,42,29,7,22
2010,1,16,1500,41,32,1,22
2010,1,16,1600,40,38,6,16
2010,1,16,1700,38,46,3,17
2010,1,16,1800,37,49,1,13
2010,1,16,1900,36,53,5,12
2010,1,16,2000,32,67,2,8
2010,1,16,2100,33,62,2,5
2010,1,16,2200,32,63,0,8
2010,1,16,2300,31,68,3,5
2010,1,16,2400,33,62,1,8
2010,1,17,100,29,71,1,6
2010,1,17,200,28,72,0,7
2010,1,17,300,25,74,3,7
2010,1,17,400,24,74,1,9
2010,1,17,500,26,71,3,8
2010,1,17,600,27,74,2,6
2010,1,17,700,24,73,1,6
2010,1,17,800,25,73,4,8
2010,1,17,900,29,66,0,9
2010,1,17,1000,34,55,3,11
2010,1,17,1100,38,47,4,12
2010,1,17,1200,40,45,2,17
2010,1,17,1300,43,37,5,13
2010,1,17,1400,43,36,2,13
2010,1,17,1500,40,41,5,13
2010,1,17,1600,37,41,5,15
2010,1,17,1700,39,37,3,13
2010,1,17,1800,29,62,2,8
2010,1,17,1900,27,64,2,7
2010,1,17,2000,25,68,1,5
2010,1,17,2100,25,65,1,7
2010,1,17,2200,24,65,3,7
2010,1,17,2300,25,62,3,6
2010,1,17,2400,27,60,2,8
2010,1,18,100,32,45,5,17
2010,1,18,200,31,47,10,15
2010,1,18,300,31,50,3,14
2010,1,18,400,31,56,0,12
2010,1,18,500,30,62,0,6
2010,1,18,600,35,55,9,29
2010,1,18,700,31,60,3,22
2010,1,18,800,27,73,0,6
2010,1,18,900,29,68,1,6
2010,1,18,1000,33,57,0,6
2010,1,18,1100,37,51,3,7
2010,1,18,1200,40,45,5,11
2010,1,18,1300,42,43,4,14
2010,1,18,1400,44,38,2,13
2010,1,18,1500,38,50,2,8
2010,1,18,1600,31,64,1,6
2010,1,18,1700,28,71,2,6
2010,1,18,1800,26,74,2,6
2010,1,18,1900,25,75,3,6
2010,1,18,2000,23,78,1,9
2010,1,18,2100,22,79,3,5
2010,1,18,2200,21,80,2,6
2010,1,18,2300,21,81,3,7
2010,1,18,2400,20,81,5,6
2010,1,19,100,21,80,3,7
2010,1,19,200,21,79,3,7
2010,1,19,300,21,79,3,6
2010,1,19,400,23,77,2,8
2010,1,19,500,22,80,4,8
2010,1,19,600,23,79,2,7
2010,1,19,700,23,81,4,6
2010,1,19,800,25,75,1,7
2010,1,19,900,27,73,1,7
2010,1,19,1000,34,64,0,12
2010,1,19,1100,36,68,4,11
2010,1,19,1200,39,54,2,13
2010,1,19,1300,40,49,5,18
2010,1,19,1400,40,47,8,14
2010,1,19,1500,36,55,6,14
2010,1,19,1600,36,49,11,17
2010,1,19,1700,34,54,6,14
2010,1,19,1800,33,58,2,16
2010,1,19,1900,28,70,2,16
2010,1,19,2000,25,75,1,11
2010,1,19,2100,24,77,2,8
2010,1,19,2200,24,74,0,7
2010,1,19,2300,21,73,2,8
2010,1,19,2400,19,78,5,7
2010,1,20,100,18,77,2,8
2010,1,20,200,18,76,2,6
2010,1,20,300,17,78,2,7
2010,1,20,400,16,80,3,6
2010,1,20,500,16,79,4,6
2010,1,20,600,18,79,2,10
2010,1,20,700,18,77,0,9
2010,1,20,800,18,77,0,8
2010,1,20,900,22,71,1,5
2010,1,20,1000,27,61,0,3
2010,1,20,1100,32,47,1,4
2010,1,20,1200,36,41,7,12
2010,1,20,1300,35,40,4,11
2010,1,20,1400,38,35,1,8
2010,1,20,1500,38,36,2,9
2010,1,20,1600,34,53,1,11
2010,1,20,1700,30,59,0,4
2010,1,20,1800,24,69,2,5
2010,1,20,1900,22,72,4,6
2010,1,20,2000,20,74,3,6
2010,1,20,2100,19,76,2,6
2010,1,20,2200,18,78,3,6
2010,1,20,2300,17,82,1,6
2010,1,20,2400,17,80,1,6
2010,1,21,100,16,80,3,4
2010,1,21,200,16,81,3,5
2010,1,21,300,16,83,4,7
2010,1,21,400,16,81,3,5
2010,1,21,500,17,81,2,4
2010,1,21,600,17,82,2,6
2010,1,21,700,19,80,2,4
2010,1,21,800,21,77,0,4
2010,1,21,900,26,65,2,7
2010,1,21,1000,28,62,1,8
2010,1,21,1100,33,50,3,9
2010,1,21,1200,36,46,5,9
2010,1,21,1300,37,41,3,11
2010,1,21,1400,37,41,3,10
2010,1,21,1500,38,41,3,8
2010,1,21,1600,33,48,1,7
2010,1,21,1700,26,65,2,4
2010,1,21,1800,24,67,2,5
2010,1,21,1900,22,71,2,5
2010,1,21,2000,20,77,5,6
2010,1,21,2100,19,76,2,8
2010,1,21,2200,19,78,1,4
2010,1,21,2300,17,79,3,5
2010,1,21,2400,17,80,1,7
2010,1,22,100,15,83,2,5
2010,1,22,200,15,83,2,6
2010,1,22,300,23,74,4,10
2010,1,22,400,20,79,0,11
2010,1,22,500,25,62,3,12
2010,1,22,600,24,70,4,16
2010,1,22,700,25,83,2,11
2010,1,22,800,24,82,6,15
2010,1,22,900,23,86,9,21
2010,1,22,1000,24,83,4,19
2010,1,22,1100,24,82,2,8
2010,1,22,1200,25,83,1,10
2010,1,22,1300,26,79,2,9
2010,1,22,1400,27,81,3,10
2010,1,22,1500,26,84,4,9
2010,1,22,1600,25,81,1,8
2010,1,22,1700,24,83,0,8
2010,1,22,1800,23,86,1,5
2010,1,22,1900,22,88,2,3
2010,1,22,2000,20,89,3,4
2010,1,22,2100,19,86,2,7
2010,1,22,2200,19,87,1,5
2010,1,22,2300,18,86,0,2
2010,1,22,2400,16,92,3,4
2010,1,23,100,13,90,3,6
2010,1,23,200,12,90,2,5
2010,1,23,300,12,89,1,5
2010,1,23,400,11,90,1,6
2010,1,23,500,11,89,2,5
2010,1,23,600,11,90,3,7
2010,1,23,700,10,90,2,11
2010,1,23,800,11,89,1,5
2010,1,23,900,12,87,0,6
2010,1,23,1000,13,78,14,22
2010,1,23,1100,16,77,2,25
2010,1,23,1200,13,69,17,26
2010,1,23,1300,15,77,2,21
2010,1,23,1400,16,78,5,18
2010,1,23,1500,14,84,3,12
2010,1,23,1600,13,86,6,20
2010,1,23,1700,13,86,1,13
2010,1,23,1800,13,88,1,16
2010,1,23,1900,12,89,2,11
2010,1,23,2000,12,89,2,7
2010,1,23,2100,12,90,0,9
2010,1,23,2200,12,89,1,6
2010,1,23,2300,12,88,1,8
2010,1,23,2400,12,90,0,9
2010,1,24,100,12,90,4,9
2010,1,24,200,11,90,2,8
2010,1,24,300,11,90,0,6
2010,1,24,400,11,89,3,7
2010,1,24,500,11,90,3,9
2010,1,24,600,10,90,3,12
2010,1,24,700,11,89,0,7
2010,1,24,800,11,88,0,6
2010,1,24,900,13,86,1,6
2010,1,24,1000,17,82,1,8
2010,1,24,1100,19,82,6,18
2010,1,24,1200,20,80,8,25
2010,1,24,1300,21,76,5,19
2010,1,24,1400,21,77,7,24
2010,1,24,1500,22,78,1,15
2010,1,24,1600,20,84,0,5
2010,1,24,1700,20,82,2,4
2010,1,24,1800,19,85,0,4
2010,1,24,1900,16,87,3,5
2010,1,24,2000,17,86,0,6
2010,1,24,2100,17,86,2,8
2010,1,24,2200,17,86,3,5
2010,1,24,2300,17,87,1,5
2010,1,24,2400,18,87,1,5
2010,1,25,100,18,86,0,3
2010,1,25,200,17,87,0,6
2010,1,25,300,17,87,4,6
2010,1,25,400,15,87,1,4
2010,1,25,500,13,87,2,5
2010,1,25,600,14,88,0,6
2010,1,25,700,13,92,2,4
2010,1,25,800,13,91,0,5
2010,1,25,900,16,89,0,4
2010,1,25,1000,20,80,2,5
2010,1,25,1100,22,75,2,5
2010,1,25,1200,26,66,1,7
2010,1,25,1300,26,70,1,8
2010,1,25,1400,26,70,0,6
2010,1,25,1500,25,76,1,6
2010,1,25,1600,25,79,4,4
2010,1,25,1700,23,85,1,6
2010,1,25,1800,23,88,4,6
2010,1,25,1900,23,87,2,7
2010,1,25,2000,25,87,1,4
2010,1,25,2100,24,90,0,6
2010,1,25,2200,22,88,0,4
2010,1,25,2300,21,88,0,5
2010,1,25,2400,20,90,2,5
2010,1,26,100,19,91,5,7
2010,1,26,200,18,89,2,7
2010,1,26,300,18,89,2,7
2010,1,26,400,20,91,1,6
2010,1,26,500,22,89,0,9
2010,1,26,600,22,90,0,3
2010,1,26,700,21,90,0,2
2010,1,26,800,21,90,1,6
2010,1,26,900,25,85,1,4
2010,1,26,1000,30,71,0,1
2010,1,26,1100,31,78,2,3
2010,1,26,1200,28,81,2,7
2010,1,26,1300,28,79,1,7
2010,1,26,1400,25,82,2,5
2010,1,26,1500,26,80,0,5
2010,1,26,1600,25,81,2,4
2010,1,26,1700,22,83,1,6
2010,1,26,1800,17,87,1,7
2010,1,26,1900,17,86,0,6
2010,1,26,2000,17,86,0,2
2010,1,26,2100,17,87,0,2
2010,1,26,2200,17,87,0,4
2010,1,26,2300,17,87,0,2
2010,1,26,2400,16,90,0,2
2010,1,27,100,16,90,1,3
2010,1,27,200,17,89,1,2
2010,1,27,300,16,90,0,2
2010,1,27,400,16,88,0,1
2010,1,27,500,16,88,0,2
2010,1,27,600,14,91,0,1
2010,1,27,700,15,88,0,2
2010,1,27,800,15,88,0,2
2010,1,27,900,17,84,0,1
2010,1,27,1000,23,74,2,3
2010,1,27,1100,23,75,0,4
2010,1,27,1200,28,67,1,2
2010,1,27,1300,27,70,2,3
2010,1,27,1400,28,68,0,3
2010,1,27,1500,25,71,0,3
2010,1,27,1600,20,81,5,6
2010,1,27,1700,16,84,1,5
2010,1,27,1800,13,87,3,6
2010,1,27,1900,10,86,2,5
2010,1,27,2000,10,91,5,5
2010,1,27,2100,10,87,0,6
2010,1,27,2200,9,89,2,5
2010,1,27,2300,9,88,2,5
2010,1,27,2400,9,89,2,4
2010,1,28,100,8,86,0,4
2010,1,28,200,8,86,3,4
2010,1,28,300,8,86,2,5
2010,1,28,400,9,88,2,4
2010,1,28,500,9,89,0,5
2010,1,28,600,9,87,1,4
2010,1,28,700,12,92,2,6
2010,1,28,800,12,90,1,9
2010,1,28,900,14,89,1,3
2010,1,28,1000,21,78,2,5
2010,1,28,1100,25,72,4,8
2010,1,28,1200,24,74,3,10
2010,1,28,1300,26,69,3,8
2010,1,28,1400,24,74,4,9
2010,1,28,1500,23,74,1,9
2010,1,28,1600,21,78,0,9
2010,1,28,1700,19,81,1,8
2010,1,28,1800,16,87,5,9
2010,1,28,1900,17,89,3,20
2010,1,28,2000,18,86,4,13
2010,1,28,2100,16,87,4,12
2010,1,28,2200,15,89,0,8
2010,1,28,2300,15,87,0,10
2010,1,28,2400,16,89,1,8
2010,1,29,100,17,85,2,11
2010,1,29,200,19,86,1,9
2010,1,29,300,18,88,2,8
2010,1,29,400,19,86,1,7
2010,1,29,500,20,84,0,6
2010,1,29,600,21,86,0,8
2010,1,29,700,22,83,3,10
2010,1,29,800,20,86,1,9
2010,1,29,900,22,82,1,9
2010,1,29,1000,25,74,1,4
2010,1,29,1100,29,64,1,11
2010,1,29,1200,30,62,3,9
2010,1,29,1300,32,60,4,8
2010,1,29,1400,31,65,4,7
2010,1,29,1500,30,65,4,7
2010,1,29,1600,29,69,3,9
2010,1,29,1700,28,71,2,8
2010,1,29,1800,27,79,0,2
2010,1,29,1900,26,80,0,5
2010,1,29,2000,25,86,4,4
2010,1,29,2100,24,87,2,6
2010,1,29,2200,26,84,1,3
2010,1,29,2300,25,86,0,4
2010,1,29,2400,26,85,2,5
2010,1,30,100,25,87,1,4
2010,1,30,200,23,89,1,4
2010,1,30,300,24,88,1,5
2010,1,30,400,25,89,2,5
2010,1,30,500,24,88,2,5
2010,1,30,600,21,88,0,5
2010,1,30,700,21,90,3,5
2010,1,30,800,29,67,2,8
2010,1,30,900,29,68,0,8
2010,1,30,1000,33,63,3,8
2010,1,30,1100,33,60,3,8
2010,1,30,1200,34,58,4,9
2010,1,30,1300,33,60,1,10
2010,1,30,1400,33,57,3,10
2010,1,30,1500,32,60,6,11
2010,1,30,1600,31,64,2,9
2010,1,30,1700,28,71,2,8
2010,1,30,1800,27,70,1,8
2010,1,30,1900,25,72,2,9
2010,1,30,2000,24,76,3,10
2010,1,30,2100,22,79,1,8
2010,1,30,2200,20,83,0,10
2010,1,30,2300,22,78,2,5
2010,1,30,2400,22,79,1,9
2010,1,31,100,21,80,3,8
2010,1,31,200,21,79,1,8
2010,1,31,300,19,83,2,7
2010,1,31,400,19,84,2,7
2010,1,31,500,17,86,2,8
2010,1,31,600,17,86,2,9
2010,1,31,700,16,85,2,6
2010,1,31,800,16,85,2,9
2010,1,31,900,16,86,2,7
2010,1,31,1000,18,82,1,6
2010,1,31,1100,20,76,1,9
2010,1,31,1200,21,72,0,10
2010,1,31,1300,34,49,1,7
2010,1,31,1400,27,62,2,9
2010,1,31,1500,23,75,5,9
2010,1,31,1600,21,81,1,11
2010,1,31,1700,20,86,2,9
2010,1,31,1800,19,88,2,5
2010,1,31,1900,19,90,0,5
2010,1,31,2000,18,90,1,6
2010,1,31,2100,18,89,1,5
2010,1,31,2200,19,88,3,6
2010,1,31,2300,19,90,0,5
2010,1,31,2400,20,92,2,10
2010,2,1,100,21,92,1,10
2010,2,1,200,22,93,4,13
2010,2,1,300,25,85,0,22
2010,2,1,400,24,94,4,14
2010,2,1,500,24,93,1,11
2010,2,1,600,23,93,3,10
2010,2,1,700,23,94,0,7
2010,2,1,800,24,93,0,6
2010,2,1,900,24,93,2,7
2010,2,1,1000,25,86,1,5
2010,2,1,1100,29,67,1,9
2010,2,1,1200,29,68,1,15
2010,2,1,1300,31,67,3,13
2010,2,1,1400,30,64,5,12
2010,2,1,1500,30,66,4,10
2010,2,1,1600,30,65,3,10
2010,2,1,1700,27,78,0,8
2010,2,1,1800,24,85,2,5
2010,2,1,1900,22,88,5,7
2010,2,1,2000,21,87,3,8
2010,2,1,2100,17,90,5,11
2010,2,1,2200,16,87,4,9
2010,2,1,2300,16,88,3,8
2010,2,1,2400,13,90,2,9
2010,2,2,100,15,86,1,8
2010,2,2,200,16,89,5,6
2010,2,2,300,16,90,1,8
2010,2,2,400,15,89,2,7
2010,2,2,500,18,88,2,7
2010,2,2,600,17,89,3,6
2010,2,2,700,17,88,3,7
2010,2,2,800,17,88,3,9
2010,2,2,900,22,79,0,6
2010,2,2,1000,25,64,0,8
2010,2,2,1100,28,57,1,8
2010,2,2,1200,35,47,8,10
2010,2,2,1300,33,56,8,18
2010,2,2,1400,32,57,4,16
2010,2,2,1500,32,54,2,10
2010,2,2,1600,30,59,2,10
2010,2,2,1700,28,72,0,5
2010,2,2,1800,25,83,0,6
2010,2,2,1900,23,80,0,7
2010,2,2,2000,23,87,5,8
2010,2,2,2100,24,88,2,6
2010,2,2,2200,24,86,0,7
2010,2,2,2300,24,86,2,6
2010,2,2,2400,23,85,1,6
2010,2,3,100,20,88,2,7
2010,2,3,200,17,88,3,7
2010,2,3,300,18,82,4,8
2010,2,3,400,14,90,6,8
2010,2,3,500,14,87,5,8
2010,2,3,600,13,88,5,6
2010,2,3,700,12,88,3,7
2010,2,3,800,13,88,2,6
2010,2,3,900,19,80,1,3
2010,2,3,1000,27,69,0,6
2010,2,3,1100,35,48,0,8
2010,2,3,1200,38,42,6,10
2010,2,3,1300,39,42,6,11
2010,2,3,1400,38,44,2,10
2010,2,3,1500,39,45,2,9
2010,2,3,1600,31,71,1,4
2010,2,3,1700,29,78,1,6
2010,2,3,1800,27,84,0,3
2010,2,3,1900,27,74,3,5
2010,2,3,2000,29,70,2,8
2010,2,3,2100,27,78,0,4
2010,2,3,2200,27,86,0,1
2010,2,3,2300,26,86,0,3
2010,2,3,2400,26,89,0,2
2010,2,4,100,26,89,0,1
2010,2,4,200,26,88,0,4
2010,2,4,300,24,92,0,3
2010,2,4,400,23,92,0,2
2010,2,4,500,24,91,0,1
2010,2,4,600,23,92,0,3
2010,2,4,700,22,94,1,4
2010,2,4,800,23,93,1,5
2010,2,4,900,25,91,6,9
2010,2,4,1000,29,79,2,10
2010,2,4,1100,27,85,1,6
2010,2,4,1200,30,78,1,8
2010,2,4,1300,35,70,9,16
2010,2,4,1400,36,64,4,16
2010,2,4,1500,36,50,1,16
2010,2,4,1600,29,75,0,6
2010,2,4,1700,23,83,1,8
2010,2,4,1800,20,87,1,6
2010,2,4,1900,18,88,1,5
2010,2,4,2000,17,87,2,7
2010,2,4,2100,17,89,1,7
2010,2,4,2200,16,88,3,6
2010,2,4,2300,15,89,3,7
2010,2,4,2400,15,89,5,7
2010,2,5,100,13,89,2,6
2010,2,5,200,13,91,3,6
2010,2,5,300,14,90,2,6
2010,2,5,400,17,88,1,3
2010,2,5,500,19,89,1,3
2010,2,5,600,20,89,1,5
2010,2,5,700,20,88,0,3
2010,2,5,800,21,89,2,3
2010,2,5,900,23,85,1,4
2010,2,5,1000,30,65,1,6
2010,2,5,1100,33,54,1,4
2010,2,5,1200,35,51,5,6
2010,2,5,1300,36,52,2,8
2010,2,5,1400,37,51,5,8
2010,2,5,1500,34,66,4,9
2010,2,5,1600,32,79,1,6
2010,2,5,1700,31,83,0,2
2010,2,5,1800,29,89,0,2
2010,2,5,1900,28,90,0,2
2010,2,5,2000,28,92,0,2
2010,2,5,2100,28,91,0,2
2010,2,5,2200,27,91,0,1
2010,2,5,2300,27,92,1,2
2010,2,5,2400,28,92,0,4
2010,2,6,100,27,92,0,4
2010,2,6,200,27,94,0,4
2010,2,6,300,27,94,0,3
2010,2,6,400,26,95,2,5
2010,2,6,500,26,93,4,4
2010,2,6,600,26,93,0,4
2010,2,6,700,27,93,1,3
2010,2,6,800,26,92,0,4
2010,2,6,900,28,90,1,4
2010,2,6,1000,30,88,1,7
2010,2,6,1100,32,83,2,8
2010,2,6,1200,31,71,3,15
2010,2,6,1300,32,67,4,17
2010,2,6,1400,35,60,2,19
2010,2,6,1500,34,78,2,9
2010,2,6,1600,30,83,5,9
2010,2,6,1700,28,81,3,11
2010,2,6,1800,23,86,2,8
2010,2,6,1900,20,93,5,6
2010,2,6,2000,20,89,3,6
2010,2,6,2100,22,90,2,5
2010,2,6,2200,23,90,3,6
2010,2,6,2300,23,90,0,5
2010,2,6,2400,24,90,0,4
2010,2,7,100,24,89,0,4
2010,2,7,200,23,91,1,3
2010,2,7,300,23,90,3,4
2010,2,7,400,23,90,0,4
2010,2,7,500,22,90,0,3
2010,2,7,600,21,92,1,3
2010,2,7,700,21,89,2,5
2010,2,7,800,20,89,0,5
2010,2,7,900,23,83,1,3
2010,2,7,1000,30,71,0,2
2010,2,7,1100,32,68,3,6
2010,2,7,1200,35,65,5,7
2010,2,7,1300,34,68,6,9
2010,2,7,1400,30,75,1,8
2010,2,7,1500,28,82,2,6
2010,2,7,1600,26,86,1,5
2010,2,7,1700,25,90,0,3
2010,2,7,1800,19,87,0,2
2010,2,7,1900,18,88,0,3
2010,2,7,2000,16,89,0,2
2010,2,7,2100,13,90,3,6
2010,2,7,2200,19,92,1,8
2010,2,7,2300,19,91,1,5
2010,2,7,2400,19,92,1,5
2010,2,8,100,18,95,0,6
2010,2,8,200,18,93,2,5
2010,2,8,300,17,93,2,4
2010,2,8,400,15,92,2,5
2010,2,8,500,14,91,3,5
2010,2,8,600,14,92,1,7
2010,2,8,700,14,92,0,3
2010,2,8,800,14,92,3,3
2010,2,8,900,15,91,1,5
2010,2,8,1000,18,88,1,5
2010,2,8,1100,19,78,1,4
2010,2,8,1200,22,73,3,7
2010,2,8,1300,25,68,2,7
2010,2,8,1400,22,78,0,7
2010,2,8,1500,20,79,5,9
2010,2,8,1600,19,80,2,8
2010,2,8,1700,17,85,0,7
2010,2,8,1800,15,89,1,7
2010,2,8,1900,13,91,3,5
2010,2,8,2000,9,88,2,5
2010,2,8,2100,7,86,0,5
2010,2,8,2200,6,87,0,5
2010,2,8,2300,4,86,1,5
2010,2,8,2400,5,85,1,4
2010,2,9,100,8,90,4,8
2010,2,9,200,10,91,1,5
2010,2,9,300,7,88,2,6
2010,2,9,400,8,90,2,5
2010,2,9,500,3,87,0,6
2010,2,9,600,3,89,0,5
2010,2,9,700,2,85,1,4
2010,2,9,800,4,85,2,5
2010,2,9,900,7,89,1,4
2010,2,9,1000,10,88,2,6
2010,2,9,1100,14,82,1,9
2010,2,9,1200,16,82,4,10
2010,2,9,1300,18,77,9,13
2010,2,9,1400,20,77,1,13
2010,2,9,1500,22,70,0,15
2010,2,9,1600,19,76,9,15
2010,2,9,1700,17,79,2,20
2010,2,9,1800,13,80,2,15
2010,2,9,1900,11,83,2,13
2010,2,9,2000,10,83,0,6
2010,2,9,2100,12,85,3,10
2010,2,9,2200,14,81,1,8
2010,2,9,2300,15,84,0,5
2010,2,9,2400,16,84,0,9
2010,2,10,100,16,83,1,3
2010,2,10,200,17,84,4,10
2010,2,10,300,19,81,10,15
2010,2,10,400,19,76,2,17
2010,2,10,500,19,74,2,13
2010,2,10,600,17,77,0,8
2010,2,10,700,19,68,4,21
2010,2,10,800,20,68,6,42
2010,2,10,900,20,66,9,33
2010,2,10,1000,21,65,9,42
2010,2,10,1100,25,56,8,28
2010,2,10,1200,28,51,8,18
2010,2,10,1300,29,43,2,16
2010,2,10,1400,30,41,6,23
2010,2,10,1500,26,49,7,29
2010,2,10,1600,26,47,2,26
2010,2,10,1700,23,58,17,33
2010,2,10,1800,24,51,2,36
2010,2,10,1900,23,57,1,12
2010,2,10,2000,23,63,1,9
2010,2,10,2100,23,66,2,4
2010,2,10,2200,22,73,0,8
2010,2,10,2300,22,67,2,6
2010,2,10,2400,22,74,1,5
2010,2,11,100,22,71,0,5
2010,2,11,200,22,70,0,6
2010,2,11,300,21,75,1,7
2010,2,11,400,22,75,0,5
2010,2,11,500,19,71,1,6
2010,2,11,600,23,68,7,26
2010,2,11,700,23,71,10,14
2010,2,11,800,20,81,2,13
2010,2,11,900,24,73,5,17
2010,2,11,1000,25,71,6,13
2010,2,11,1100,28,67,5,10
2010,2,11,1200,33,58,6,16
2010,2,11,1300,32,58,3,14
2010,2,11,1400,32,55,4,16
2010,2,11,1500,31,63,6,13
2010,2,11,1600,28,80,4,8
2010,2,11,1700,25,80,1,8
2010,2,11,1800,30,59,5,16
2010,2,11,1900,31,58,1,19
2010,2,11,2000,29,61,5,16
2010,2,11,2100,29,63,2,14
2010,2,11,2200,30,56,4,11
2010,2,11,2300,31,57,2,22
2010,2,11,2400,31,55,9,14
2010,2,12,100,30,62,2,10
2010,2,12,200,29,81,2,10
2010,2,12,300,28,83,2,7
2010,2,12,400,27,83,2,5
2010,2,12,500,27,83,1,7
2010,2,12,600,28,93,1,9
2010,2,12,700,27,94,3,10
2010,2,12,800,28,94,2,8
2010,2,12,900,29,94,4,11
2010,2,12,1000,31,91,5,13
2010,2,12,1100,32,86,2,16
2010,2,12,1200,33,87,5,11
2010,2,12,1300,32,90,3,16
2010,2,12,1400,33,84,7,11
2010,2,12,1500,34,72,3,13
2010,2,12,1600,35,67,3,8
2010,2,12,1700,34,68,0,9
2010,2,12,1800,28,87,1,9
2010,2,12,1900,27,81,0,7
2010,2,12,2000,28,72,1,11
2010,2,12,2100,32,66,10,15
2010,2,12,2200,29,94,8,16
2010,2,12,2300,29,96,9,14
2010,2,12,2400,29,95,4,10
2010,2,13,100,29,96,4,7
2010,2,13,200,29,94,4,15
2010,2,13,300,29,93,2,9
2010,2,13,400,28,96,3,13
2010,2,13,500,28,85,7,18
2010,2,13,600,28,90,5,15
2010,2,13,700,27,92,6,19
2010,2,13,800,27,90,1,13
2010,2,13,900,28,87,2,9
2010,2,13,1000,28,88,2,9
2010,2,13,1100,31,76,4,10
2010,2,13,1200,31,72,4,12
2010,2,13,1300,30,73,9,13
2010,2,13,1400,31,71,4,13
2010,2,13,1500,31,71,9,14
2010,2,13,1600,30,67,4,19
2010,2,13,1700,30,67,7,11
2010,2,13,1800,29,74,7,26
2010,2,13,1900,28,73,6,28
2010,2,13,2000,29,69,14,22
2010,2,13,2100,29,69,9,20
2010,2,13,2200,28,72,5,17
2010,2,13,2300,22,83,2,12
2010,2,13,2400,21,87,0,3
2010,2,14,100,19,87,3,10
2010,2,14,200,17,88,6,11
2010,2,14,300,17,87,5,12
2010,2,14,400,16,89,0,8
2010,2,14,500,18,84,0,4
2010,2,14,600,17,85,0,3
2010,2,14,700,18,87,0,1
2010,2,14,800,18,86,1,2
2010,2,14,900,21,77,0,3
2010,2,14,1000,26,65,0,3
2010,2,14,1100,36,49,3,7
2010,2,14,1200,33,49,5,11
2010,2,14,1300,35,44,1,12
2010,2,14,1400,38,42,7,9
2010,2,14,1500,37,45,4,9
2010,2,14,1600,34,53,1,5
2010,2,14,1700,29,67,0,4
2010,2,14,1800,26,71,0,4
2010,2,14,1900,25,72,0,3
2010,2,14,2000,24,78,0,3
2010,2,14,2100,24,78,0,3
2010,2,14,2200,23,80,0,2
2010,2,14,2300,21,85,0,2
2010,2,14,2400,23,88,0,3
2010,2,15,100,25,88,0,4
2010,2,15,200,25,89,0,4
2010,2,15,300,26,91,0,6
2010,2,15,400,25,92,0,4
2010,2,15,500,26,92,0,3
2010,2,15,600,26,91,0,3
2010,2,15,700,26,92,0,3
2010,2,15,800,25,93,0,4
2010,2,15,900,27,89,3,5
2010,2,15,1000,30,82,2,7
2010,2,15,1100,32,78,4,7
2010,2,15,1200,32,79,2,7
2010,2,15,1300,34,74,5,8
2010,2,15,1400,34,76,3,7
2010,2,15,1500,35,75,4,7
2010,2,15,1600,32,85,3,7
2010,2,15,1700,31,90,0,6
2010,2,15,1800,30,92,1,6
2010,2,15,1900,29,91,0,4
2010,2,15,2000,29,91,0,1
2010,2,15,2100,28,90,0,3
2010,2,15,2200,28,90,1,3
2010,2,15,2300,28,90,0,4
2010,2,15,2400,26,90,1,4
2010,2,16,100,25,92,0,5
2010,2,16,200,26,92,0,3
2010,2,16,300,27,92,1,5
2010,2,16,400,25,90,2,4
2010,2,16,500,24,92,4,6
2010,2,16,600,23,90,0,4
2010,2,16,700,21,91,0,2
2010,2,16,800,21,89,2,6
2010,2,16,900,29,77,1,8
2010,2,16,1000,31,72,1,8
2010,2,16,1100,33,67,2,10
2010,2,16,1200,34,67,13,20
2010,2,16,1300,34,63,3,23
2010,2,16,1400,38,48,8,19
2010,2,16,1500,37,49,1,33
2010,2,16,1600,34,64,8,29
2010,2,16,1700,32,74,8,28
2010,2,16,1800,29,93,8,21
2010,2,16,1900,29,95,3,15
2010,2,16,2000,30,86,0,11
2010,2,16,2100,33,75,6,20
2010,2,16,2200,33,77,4,19
2010,2,16,2300,31,83,2,14
2010,2,16,2400,34,72,6,22
2010,2,17,100,33,70,8,18
2010,2,17,200,33,71,6,22
2010,2,17,300,33,69,3,22
2010,2,17,400,32,71,7,18
2010,2,17,500,31,70,7,21
2010,2,17,600,30,76,4,24
2010,2,17,700,30,79,4,17
2010,2,17,800,31,75,5,13
2010,2,17,900,32,75,2,6
2010,2,17,1000,31,80,2,8
2010,2,17,1100,31,85,2,6
2010,2,17,1200,30,83,5,11
2010,2,17,1300,29,88,2,9
2010,2,17,1400,31,66,10,15
2010,2,17,1500,36,58,2,11
2010,2,17,1600,34,65,4,8
2010,2,17,1700,26,73,0,10
2010,2,17,1800,23,79,2,5
2010,2,17,1900,22,79,4,8
2010,2,17,2000,23,75,5,11
2010,2,17,2100,22,80,1,10
2010,2,17,2200,22,84,0,10
2010,2,17,2300,22,85,2,7
2010,2,17,2400,22,85,3,7
2010,2,18,100,21,86,3,7
2010,2,18,200,20,82,0,5
2010,2,18,300,19,83,0,4
2010,2,18,400,18,86,1,6
2010,2,18,500,19,92,0,2
2010,2,18,600,18,92,0,3
2010,2,18,700,18,92,0,4
2010,2,18,800,19,90,1,1
2010,2,18,900,21,85,1,4
2010,2,18,1000,20,84,5,10
2010,2,18,1100,22,80,4,9
2010,2,18,1200,24,73,4,9
2010,2,18,1300,25,71,8,10
2010,2,18,1400,24,72,1,9
2010,2,18,1500,24,69,0,8
2010,2,18,1600,25,65,2,7
2010,2,18,1700,23,72,2,5
2010,2,18,1800,20,80,1,4
2010,2,18,1900,17,82,0,2
2010,2,18,2000,12,83,3,4
2010,2,18,2100,14,86,2,4
2010,2,18,2200,15,87,0,4
2010,2,18,2300,17,87,3,4
2010,2,18,2400,14,85,2,4
2010,2,19,100,14,87,1,3
2010,2,19,200,15,80,0,4
2010,2,19,300,10,85,3,5
2010,2,19,400,11,85,1,5
2010,2,19,500,9,85,2,4
2010,2,19,600,11,86,0,4
2010,2,19,700,12,86,0,3
2010,2,19,800,13,83,0,1
2010,2,19,900,17,78,1,1
2010,2,19,1000,25,62,2,3
2010,2,19,1100,25,57,1,13
2010,2,19,1200,24,52,7,16
2010,2,19,1300,22,54,2,12
2010,2,19,1400,22,54,3,13
2010,2,19,1500,22,51,5,12
2010,2,19,1600,20,60,4,9
2010,2,19,1700,18,66,7,11
2010,2,19,1800,16,66,4,10
2010,2,19,1900,11,75,2,5
2010,2,19,2000,9,78,2,5
2010,2,19,2100,6,81,4,6
2010,2,19,2200,4,82,1,5
2010,2,19,2300,6,82,1,6
2010,2,19,2400,7,82,1,5
2010,2,20,100,10,85,0,3
2010,2,20,200,11,85,0,4
2010,2,20,300,8,84,1,2
2010,2,20,400,9,86,1,2
2010,2,20,500,8,85,0,2
2010,2,20,600,9,85,0,2
2010,2,20,700,10,85,2,6
2010,2,20,800,11,81,0,6
2010,2,20,900,16,72,2,7
2010,2,20,1000,18,63,3,7
2010,2,20,1100,23,50,8,13
2010,2,20,1200,21,56,3,12
2010,2,20,1300,20,56,1,10
2010,2,20,1400,21,52,2,11
2010,2,20,1500,20,53,4,12
2010,2,20,1600,18,52,1,11
2010,2,20,1700,16,63,0,9
2010,2,20,1800,14,73,2,6
2010,2,20,1900,13,75,1,9
2010,2,20,2000,12,83,0,6
2010,2,20,2100,11,80,0,7
2010,2,20,2200,10,83,0,6
2010,2,20,2300,11,84,0,6
2010,2,20,2400,9,85,1,3
2010,2,21,100,10,83,0,2
2010,2,21,200,10,82,0,4
2010,2,21,300,8,83,1,3
2010,2,21,400,8,83,0,2
2010,2,21,500,9,82,0,1
2010,2,21,600,8,82,0,1
2010,2,21,700,7,81,0,1
2010,2,21,800,9,80,0,2
2010,2,21,900,12,70,3,4
2010,2,21,1000,14,63,4,8
2010,2,21,1100,18,56,4,9
2010,2,21,1200,18,60,4,12
2010,2,21,1300,19,57,6,11
2010,2,21,1400,18,60,4,12
2010,2,21,1500,19,58,4,11
2010,2,21,1600,17,61,0,12
2010,2,21,1700,11,72,0,6
2010,2,21,1800,4,78,0,5
2010,2,21,1900,1,79,1,4
2010,2,21,2000,2,83,1,4
2010,2,21,2100,1,83,5,6
2010,2,21,2200,4,80,6,8
2010,2,21,2300,5,82,1,11
2010,2,21,2400,5,86,4,12
2010,2,22,100,7,79,4,12
2010,2,22,200,7,76,4,13
2010,2,22,300,7,78,7,16
2010,2,22,400,5,80,5,16
2010,2,22,500,7,77,4,13
2010,2,22,600,8,75,4,13
2010,2,22,700,8,75,4,11
2010,2,22,800,10,71,7,10
2010,2,22,900,15,59,6,9
2010,2,22,1000,17,56,1,8
2010,2,22,1100,23,49,3,10
2010,2,22,1200,28,50,12,26
2010,2,22,1300,24,50,15,28
2010,2,22,1400,26,50,15,30
2010,2,22,1500,27,47,7,24
2010,2,22,1600,27,61,10,27
2010,2,22,1700,25,51,2,18
2010,2,22,1800,19,64,4,19
2010,2,22,1900,21,58,6,17
2010,2,22,2000,20,61,1,22
2010,2,22,2100,22,56,2,17
2010,2,22,2200,18,67,5,17
2010,2,22,2300,19,61,0,12
2010,2,22,2400,18,63,1,17
2010,2,23,100,19,63,6,13
2010,2,23,200,18,67,5,13
2010,2,23,300,17,66,7,14
2010,2,23,400,17,67,3,16
2010,2,23,500,18,64,2,16
2010,2,23,600,17,64,11,18
2010,2,23,700,18,61,9,24
2010,2,23,800,21,55,2,20
2010,2,23,900,26,45,2,21
2010,2,23,1000,31,36,7,17
2010,2,23,1100,34,29,5,31
2010,2,23,1200,37,24,2,20
2010,2,23,1300,37,25,4,25
2010,2,23,1400,37,26,13,33
2010,2,23,1500,38,24,2,27
2010,2,23,1600,39,22,6,14
2010,2,23,1700,37,24,3,22
2010,2,23,1800,37,24,8,19
2010,2,23,1900,25,53,0,14
2010,2,23,2000,23,55,3,5
2010,2,23,2100,23,58,3,12
2010,2,23,2200,21,59,2,6
2010,2,23,2300,19,64,2,7
2010,2,23,2400,18,66,1,9
2010,2,24,100,16,65,2,6
2010,2,24,200,18,61,4,7
2010,2,24,300,16,67,0,6
2010,2,24,400,16,66,0,5
2010,2,24,500,16,68,2,7
2010,2,24,600,16,67,2,7
2010,2,24,700,22,46,4,10
2010,2,24,800,26,42,3,11
2010,2,24,900,28,46,4,14
2010,2,24,1000,33,42,1,14
2010,2,24,1100,35,45,4,15
2010,2,24,1200,33,49,4,15
2010,2,24,1300,36,43,1,16
2010,2,24,1400,34,55,12,30
2010,2,24,1500,33,58,11,24
2010,2,24,1600,32,68,6,29
2010,2,24,1700,34,57,2,14
2010,2,24,1800,32,67,4,16
2010,2,24,1900,31,71,4,20
2010,2,24,2000,30,75,3,11
2010,2,24,2100,31,75,4,16
2010,2,24,2200,30,83,4,22
2010,2,24,2300,29,87,7,21
2010,2,24,2400,30,77,6,22
2010,2,25,100,30,74,4,21
2010,2,25,200,30,75,9,19
2010,2,25,300,29,74,12,27
2010,2,25,400,29,67,1,17
2010,2,25,500,29,67,2,18
2010,2,25,600,28,67,3,15
2010,2,25,700,28,67,2,20
2010,2,25,800,28,66,4,17
2010,2,25,900,29,60,4,16
2010,2,25,1000,31,59,9,13
2010,2,25,1100,33,50,6,32
2010,2,25,1200,33,52,3,18
2010,2,25,1300,33,51,3,14
2010,2,25,1400,34,56,3,13
2010,2,25,1500,33,47,6,12
2010,2,25,1600,35,42,2,14
2010,2,25,1700,34,44,4,14
2010,2,25,1800,32,52,3,12
2010,2,25,1900,28,85,2,13
2010,2,25,2000,27,84,2,9
2010,2,25,2100,25,87,0,9
2010,2,25,2200,27,79,2,8
2010,2,25,2300,27,82,1,11
2010,2,25,2400,27,73,6,11
2010,2,26,100,22,77,2,15
2010,2,26,200,19,85,4,7
2010,2,26,300,17,85,1,10
2010,2,26,400,18,79,7,13
2010,2,26,500,18,90,3,14
2010,2,26,600,18,84,0,15
2010,2,26,700,17,83,1,9
2010,2,26,800,17,83,1,8
2010,2,26,900,27,62,5,13
2010,2,26,1000,31,47,6,14
2010,2,26,1100,34,36,6,12
2010,2,26,1200,39,30,10,12
2010,2,26,1300,40,28,5,11
2010,2,26,1400,41,28,6,11
2010,2,26,1500,42,27,0,10
2010,2,26,1600,38,42,0,6
2010,2,26,1700,32,56,0,3
2010,2,26,1800,28,67,0,2
2010,2,26,1900,25,69,1,4
2010,2,26,2000,22,70,2,4
2010,2,26,2100,24,72,0,3
2010,2,26,2200,23,70,3,7
2010,2,26,2300,21,72,1,5
2010,2,26,2400,21,74,4,6
2010,2,27,100,22,74,3,6
2010,2,27,200,25,73,2,7
2010,2,27,300,25,73,3,5
2010,2,27,400,24,72,2,5
2010,2,27,500,23,69,3,5
2010,2,27,600,21,69,3,6
2010,2,27,700,22,67,3,6
2010,2,27,800,26,67,1,6
2010,2,27,900,31,59,1,6
2010,2,27,1000,37,34,1,6
2010,2,27,1100,43,24,8,9
2010,2,27,1200,43,23,6,14
2010,2,27,1300,47,21,7,12
2010,2,27,1400,45,31,8,14
2010,2,27,1500,45,26,2,11
2010,2,27,1600,44,30,1,6
2010,2,27,1700,39,32,0,7
2010,2,27,1800,33,52,3,5
2010,2,27,1900,30,63,2,5
2010,2,27,2000,30,59,1,5
2010,2,27,2100,29,69,1,4
2010,2,27,2200,27,69,1,6
2010,2,27,2300,28,70,1,5
2010,2,27,2400,30,67,3,4
2010,2,28,100,28,72,3,4
2010,2,28,200,25,74,3,5
2010,2,28,300,25,74,1,6
2010,2,28,400,30,62,2,14
2010,2,28,500,28,71,0,5
2010,2,28,600,28,71,0,4
2010,2,28,700,28,69,0,1
2010,2,28,800,31,57,1,5
2010,2,28,900,33,55,1,6
2010,2,28,1000,37,49,2,7
2010,2,28,1100,39,47,1,8
2010,2,28,1200,41,47,1,13
2010,2,28,1300,41,46,3,11
2010,2,28,1400,41,45,4,12
2010,2,28,1500,40,49,3,10
2010,2,28,1600,39,53,1,10
2010,2,28,1700,37,59,1,6
2010,2,28,1800,35,68,0,5
2010,2,28,1900,32,75,3,3
2010,2,28,2000,28,80,6,6
2010,2,28,2100,27,80,2,9
2010,2,28,2200,26,80,1,11
2010,2,28,2300,24,85,1,4
2010,2,28,2400,24,85,1,4
2010,3,1,100,23,86,0,5
2010,3,1,200,22,86,1,3
2010,3,1,300,20,89,3,4
2010,3,1,400,20,89,2,4
2010,3,1,500,19,90,3,6
2010,3,1,600,19,90,1,4
2010,3,1,700,18,90,1,4
2010,3,1,800,23,87,0,7
2010,3,1,900,32,62,1,8
2010,3,1,1000,36,55,4,11
2010,3,1,1100,39,50,7,12
2010,3,1,1200,41,42,10,12
2010,3,1,1300,43,36,4,10
2010,3,1,1400,45,35,4,9
2010,3,1,1500,45,35,3,8
2010,3,1,1600,44,39,3,7
2010,3,1,1700,33,56,6,8
2010,3,1,1800,30,54,4,8
2010,3,1,1900,25,65,3,9
2010,3,1,2000,25,65,2,8
2010,3,1,2100,24,65,4,13
2010,3,1,2200,24,68,1,8
2010,3,1,2300,22,70,2,5
2010,3,1,2400,23,70,3,5
2010,3,2,100,21,71,1,6
2010,3,2,200,20,73,1,5
2010,3,2,300,20,71,0,4
2010,3,2,400,20,71,5,7
2010,3,2,500,19,71,4,7
2010,3,2,600,20,71,2,6
2010,3,2,700,19,72,0,4
2010,3,2,800,24,64,1,5
2010,3,2,900,35,40,1,11
2010,3,2,1000,41,34,5,9
2010,3,2,1100,44,31,6,12
2010,3,2,1200,46,26,4,12
2010,3,2,1300,48,28,4,10
2010,3,2,1400,47,33,0,10
2010,3,2,1500,47,32,3,9
2010,3,2,1600,45,32,0,8
2010,3,2,1700,39,61,2,4
2010,3,2,1800,34,66,0,5
2010,3,2,1900,31,67,2,5
2010,3,2,2000,30,71,3,6
2010,3,2,2100,30,70,2,6
2010,3,2,2200,29,73,3,4
2010,3,2,2300,29,72,3,5
2010,3,2,2400,29,73,2,4
2010,3,3,100,28,74,3,5
2010,3,3,200,26,76,0,6
2010,3,3,300,32,62,3,11
2010,3,3,400,36,59,2,9
2010,3,3,500,32,77,0,11
2010,3,3,600,29,82,2,3
2010,3,3,700,29,83,1,6
2010,3,3,800,32,77,0,4
2010,3,3,900,37,63,3,8
2010,3,3,1000,42,50,4,11
2010,3,3,1100,44,45,5,15
2010,3,3,1200,45,42,7,13
2010,3,3,1300,42,49,8,18
2010,3,3,1400,43,48,7,18
2010,3,3,1500,43,48,6,15
2010,3,3,1600,44,47,4,12
2010,3,3,1700,41,51,3,10
2010,3,3,1800,35,68,1,9
2010,3,3,1900,30,78,0,6
2010,3,3,2000,29,80,3,5
2010,3,3,2100,27,82,0,6
2010,3,3,2200,25,83,4,6
2010,3,3,2300,25,83,4,6
2010,3,3,2400,24,84,2,5
2010,3,4,100,24,83,5,7
2010,3,4,200,23,83,5,6
2010,3,4,300,22,83,2,6
2010,3,4,400,22,84,2,4
2010,3,4,500,21,84,5,5
2010,3,4,600,23,79,2,7
2010,3,4,700,23,77,5,8
2010,3,4,800,25,76,0,8
2010,3,4,900,35,58,3,7
2010,3,4,1000,40,48,4,9
2010,3,4,1100,45,37,1,8
2010,3,4,1200,45,38,1,10
2010,3,4,1300,44,47,3,12
2010,3,4,1400,46,44,0,6
2010,3,4,1500,44,40,3,9
2010,3,4,1600,43,36,3,10
2010,3,4,1700,42,41,2,10
2010,3,4,1800,38,53,4,6
2010,3,4,1900,35,66,3,7
2010,3,4,2000,34,68,2,6
2010,3,4,2100,33,72,1,5
2010,3,4,2200,33,73,2,5
2010,3,4,2300,33,72,1,5
2010,3,4,2400,33,74,0,5
2010,3,5,100,32,73,2,7
2010,3,5,200,32,74,0,5
2010,3,5,300,32,75,0,1
2010,3,5,400,31,82,0,2
2010,3,5,500,30,88,0,1
2010,3,5,600,29,90,0,3
2010,3,5,700,30,90,0,1
2010,3,5,800,31,91,0,0
2010,3,5,900,33,85,1,2
2010,3,5,1000,33,87,3,5
2010,3,5,1100,34,87,3,8
2010,3,5,1200,34,85,3,8
2010,3,5,1300,35,84,5,9
2010,3,5,1400,35,80,5,9
2010,3,5,1500,37,74,5,10
2010,3,5,1600,37,74,4,8
2010,3,5,1700,36,77,2,5
2010,3,5,1800,34,82,0,4
2010,3,5,1900,30,88,0,6
2010,3,5,2000,31,88,1,3
2010,3,5,2100,29,90,3,5
2010,3,5,2200,27,90,3,5
2010,3,5,2300,26,91,3,4
2010,3,5,2400,25,90,1,5
2010,3,6,100,24,92,3,4
2010,3,6,200,23,92,2,5
2010,3,6,300,23,92,2,5
2010,3,6,400,23,92,3,5
2010,3,6,500,22,92,3,5
2010,3,6,600,21,92,2,5
2010,3,6,700,21,92,2,5
2010,3,6,800,25,87,1,3
2010,3,6,900,35,74,1,6
2010,3,6,1000,39,65,3,8
2010,3,6,1100,43,53,7,9
2010,3,6,1200,44,52,4,9
2010,3,6,1300,49,34,2,8
2010,3,6,1400,48,38,2,10
2010,3,6,1500,45,42,2,9
2010,3,6,1600,45,40,6,11
2010,3,6,1700,41,50,5,9
2010,3,6,1800,35,72,0,6
2010,3,6,1900,31,78,3,6
2010,3,6,2000,30,78,5,6
2010,3,6,2100,30,80,3,6
2010,3,6,2200,30,80,3,11
2010,3,6,2300,29,83,2,7
2010,3,6,2400,27,85,1,6
2010,3,7,100,28,84,1,5
2010,3,7,200,27,85,2,5
2010,3,7,300,25,87,2,5
2010,3,7,400,25,86,0,5
2010,3,7,500,23,86,3,5
2010,3,7,600,24,85,2,7
2010,3,7,700,23,87,3,5
2010,3,7,800,26,80,1,6
2010,3,7,900,35,63,0,2
2010,3,7,1000,41,46,7,11
2010,3,7,1100,45,42,5,11
2010,3,7,1200,45,41,4,12
2010,3,7,1300,46,39,4,10
2010,3,7,1400,49,31,4,10
2010,3,7,1500,48,40,6,9
2010,3,7,1600,45,32,4,9
2010,3,7,1700,42,52,1,7
2010,3,7,1800,36,66,1,5
2010,3,7,1900,34,66,3,8
2010,3,7,2000,31,72,4,7
2010,3,7,2100,29,73,4,8
2010,3,7,2200,32,64,3,12
2010,3,7,2300,34,59,9,21
2010,3,7,2400,30,66,0,16
2010,3,8,100,27,72,1,8
2010,3,8,200,26,73,1,9
2010,3,8,300,27,68,2,6
2010,3,8,400,25,70,2,7
2010,3,8,500,25,69,1,8
2010,3,8,600,24,72,1,9
2010,3,8,700,22,76,4,6
2010,3,8,800,26,69,1,5
2010,3,8,900,36,52,3,7
2010,3,8,1000,38,48,2,13
2010,3,8,1100,39,48,1,14
2010,3,8,1200,44,38,2,9
2010,3,8,1300,42,38,7,14
2010,3,8,1400,46,36,1,12
2010,3,8,1500,45,34,1,11
2010,3,8,1600,41,53,1,12
2010,3,8,1700,40,43,3,9
2010,3,8,1800,37,53,3,10
2010,3,8,1900,32,72,1,6
2010,3,8,2000,33,75,3,6
2010,3,8,2100,33,67,0,6
2010,3,8,2200,29,73,1,7
2010,3,8,2300,26,80,3,7
2010,3,8,2400,25,77,3,6
2010,3,9,100,26,76,2,5
2010,3,9,200,27,75,1,3
2010,3,9,300,25,79,0,5
2010,3,9,400,27,76,3,5
2010,3,9,500,27,79,2,4
2010,3,9,600,27,78,0,4
2010,3,9,700,28,74,0,3
2010,3,9,800,30,74,0,3
2010,3,9,900,33,66,1,3
2010,3,9,1000,36,60,6,9
2010,3,9,1100,37,59,4,13
2010,3,9,1200,41,54,7,9
2010,3,9,1300,37,60,3,12
2010,3,9,1400,37,59,3,10
2010,3,9,1500,36,63,7,13
2010,3,9,1600,36,66,4,15
2010,3,9,1700,35,64,3,11
2010,3,9,1800,33,68,3,9
2010,3,9,1900,33,72,0,8
2010,3,9,2000,31,74,1,3
2010,3,9,2100,30,78,2,7
2010,3,9,2200,30,79,3,4
2010,3,9,2300,28,82,0,6
2010,3,9,2400,25,93,3,7
2010,3,10,100,23,92,0,7
2010,3,10,200,23,94,2,5
2010,3,10,300,24,91,1,3
2010,3,10,400,23,95,1,4
2010,3,10,500,23,94,2,5
2010,3,10,600,22,95,2,5
2010,3,10,700,22,94,1,5
2010,3,10,800,23,92,1,4
2010,3,10,900,24,90,1,5
2010,3,10,1000,27,84,1,4
2010,3,10,1100,28,76,9,10
2010,3,10,1200,28,73,3,9
2010,3,10,1300,29,63,6,18
2010,3,10,1400,26,62,8,23
2010,3,10,1500,28,57,8,22
2010,3,10,1600,31,49,10,20
2010,3,10,1700,29,52,3,16
2010,3,10,1800,26,59,1,7
2010,3,10,1900,22,71,2,5
2010,3,10,2000,20,75,1,6
2010,3,10,2100,22,71,0,4
2010,3,10,2200,22,63,4,5
2010,3,10,2300,18,80,1,8
2010,3,10,2400,17,80,2,14
2010,3,11,100,16,72,2,12
2010,3,11,200,17,66,3,13
2010,3,11,300,14,74,1,8
2010,3,11,400,15,73,7,26
2010,3,11,500,16,71,8,25
2010,3,11,600,14,77,0,20
2010,3,11,700,15,75,6,17
2010,3,11,800,17,68,8,18
2010,3,11,900,22,59,4,23
2010,3,11,1000,25,54,4,15
2010,3,11,1100,27,51,5,21
2010,3,11,1200,33,36,10,17
2010,3,11,1300,38,23,6,18
2010,3,11,1400,38,24,3,19
2010,3,11,1500,36,26,8,28
2010,3,11,1600,37,26,11,32
2010,3,11,1700,35,30,1,20
2010,3,11,1800,33,34,1,17
2010,3,11,1900,27,52,2,8
2010,3,11,2000,31,42,3,12
2010,3,11,2100,25,55,2,10
2010,3,11,2200,25,59,3,8
2010,3,11,2300,22,65,3,8
2010,3,11,2400,22,62,1,6
2010,3,12,100,21,66,3,7
2010,3,12,200,21,66,1,5
2010,3,12,300,22,64,1,8
2010,3,12,400,23,62,7,9
2010,3,12,500,21,67,0,7
2010,3,12,600,19,74,2,8
2010,3,12,700,21,72,1,5
2010,3,12,800,24,64,2,5
2010,3,12,900,31,50,1,7
2010,3,12,1000,37,40,3,12
2010,3,12,1100,37,42,7,19
2010,3,12,1200,44,35,2,22
2010,3,12,1300,46,33,4,23
2010,3,12,1400,48,28,8,23
2010,3,12,1500,47,32,6,10
2010,3,12,1600,47,31,2,8
2010,3,12,1700,41,55,2,7
2010,3,12,1800,37,64,2,6
2010,3,12,1900,37,54,3,8
2010,3,12,2000,31,70,3,7
2010,3,12,2100,31,68,5,6
2010,3,12,2200,31,68,1,6
2010,3,12,2300,29,70,3,5
2010,3,12,2400,34,49,2,10
2010,3,13,100,33,53,4,8
2010,3,13,200,33,56,6,8
2010,3,13,300,33,52,1,9
2010,3,13,400,27,71,2,7
2010,3,13,500,27,69,5,7
2010,3,13,600,29,66,3,9
2010,3,13,700,27,70,1,7
2010,3,13,800,30,69,0,5
2010,3,13,900,40,40,5,8
2010,3,13,1000,43,34,3,8
2010,3,13,1100,37,49,14,19
2010,3,13,1200,38,50,8,26
2010,3,13,1300,36,60,4,16
2010,3,13,1400,38,61,3,9
2010,3,13,1500,36,67,5,11
2010,3,13,1600,33,85,2,10
2010,3,13,1700,32,87,1,6
2010,3,13,1800,32,88,1,5
2010,3,13,1900,30,92,0,3
2010,3,13,2000,29,94,1,3
2010,3,13,2100,29,89,3,5
2010,3,13,2200,28,89,1,5
2010,3,13,2300,28,87,1,5
2010,3,13,2400,28,86,1,6
2010,3,14,100,28,83,0,6
2010,3,14,200,27,86,1,7
2010,3,14,300,27,86,0,6
2010,3,14,400,27,84,3,4
2010,3,14,500,27,83,0,5
2010,3,14,600,27,84,0,2
2010,3,14,700,27,82,0,4
2010,3,14,800,29,74,0,2
2010,3,14,900,37,55,1,2
2010,3,14,1100,38,60,1,5
2010,3,14,1200,44,45,4,6
2010,3,14,1300,39,50,3,10
2010,3,14,1400,42,43,9,11
2010,3,14,1500,41,45,8,12
2010,3,14,1600,41,44,2,12
2010,3,14,1700,42,43,2,10
2010,3,14,1800,39,48,0,10
2010,3,14,1900,30,70,2,6
2010,3,14,2000,27,75,2,7
2010,3,14,2100,25,80,4,6
2010,3,14,2200,25,79,2,5
2010,3,14,2300,23,82,3,6
2010,3,14,2400,22,84,3,6
2010,3,15,100,20,87,2,6
2010,3,15,200,20,87,3,6
2010,3,15,300,20,88,2,5
2010,3,15,400,21,87,2,7
2010,3,15,500,20,89,3,5
2010,3,15,600,21,89,0,5
2010,3,15,700,20,88,2,5
2010,3,15,800,24,84,6,8
2010,3,15,900,30,73,7,9
2010,3,15,1000,33,68,4,11
2010,3,15,1100,38,58,6,11
2010,3,15,1200,40,55,3,13
2010,3,15,1300,42,50,3,10
2010,3,15,1400,45,41,5,18
2010,3,15,1500,48,37,3,15
2010,3,15,1600,49,27,3,13
2010,3,15,1700,48,32,1,13
2010,3,15,1800,41,50,0,9
2010,3,15,1900,34,60,0,5
2010,3,15,2000,32,59,1,9
2010,3,15,2100,30,61,4,8
2010,3,15,2200,29,62,6,9
2010,3,15,2300,28,67,4,9
2010,3,15,2400,27,67,0,6
2010,3,16,100,27,68,0,4
2010,3,16,200,26,68,2,6
2010,3,16,300,27,65,2,5
2010,3,16,400,26,70,3,7
2010,3,16,500,25,71,2,7
2010,3,16,600,27,71,2,7
2010,3,16,700,27,67,2,6
2010,3,16,800,25,69,1,6
2010,3,16,900,30,62,0,3
2010,3,16,1000,44,30,1,5
2010,3,16,1100,47,28,4,8
2010,3,16,1200,49,26,2,11
2010,3,16,1300,50,30,8,13
2010,3,16,1400,51,30,2,11
2010,3,16,1500,51,30,5,11
2010,3,16,1600,52,34,3,7
2010,3,16,1700,49,35,0,7
2010,3,16,1800,52,26,5,11
2010,3,16,1900,41,42,1,8
2010,3,16,2000,43,38,4,11
2010,3,16,2100,50,20,11,28
2010,3,16,2200,46,30,3,27
2010,3,16,2300,38,52,1,9
2010,3,16,2400,37,49,1,12
2010,3,17,100,36,56,3,11
2010,3,17,200,34,60,2,9
2010,3,17,300,32,60,0,8
2010,3,17,400,33,64,3,9
2010,3,17,500,31,69,1,8
2010,3,17,600,30,71,0,6
2010,3,17,700,31,68,2,7
2010,3,17,800,36,51,0,11
2010,3,17,900,48,33,4,15
2010,3,17,1000,49,30,10,17
2010,3,17,1100,52,30,6,18
2010,3,17,1200,53,29,8,18
2010,3,17,1300,53,29,15,26
2010,3,17,1400,53,28,6,25
2010,3,17,1500,54,29,7,26
2010,3,17,1600,52,32,4,27
2010,3,17,1700,53,28,2,17
2010,3,17,1800,48,35,2,16
2010,3,17,1900,41,57,0,10
2010,3,17,2000,38,66,4,8
2010,3,17,2100,35,69,2,6
2010,3,17,2200,37,63,2,8
2010,3,17,2300,36,61,1,7
2010,3,17,2400,35,65,0,8
2010,3,18,100,36,54,2,9
2010,3,18,200,34,63,0,6
2010,3,18,300,32,72,0,3
2010,3,18,400,32,59,1,3
2010,3,18,500,30,68,3,5
2010,3,18,600,30,57,2,9
2010,3,18,700,28,60,4,15
2010,3,18,800,27,57,9,18
2010,3,18,900,26,55,7,15
2010,3,18,1000,27,58,5,20
2010,3,18,1100,31,47,2,18
2010,3,18,1200,33,47,3,14
2010,3,18,1300,35,42,4,9
2010,3,18,1400,34,51,3,13
2010,3,18,1500,35,44,5,14
2010,3,18,1600,34,45,4,14
2010,3,18,1700,35,43,4,18
2010,3,18,1800,31,53,2,13
2010,3,18,1900,31,65,0,5
2010,3,18,2000,28,63,2,3
2010,3,18,2100,26,71,1,4
2010,3,18,2200,25,76,2,6
2010,3,18,2300,26,81,0,4
2010,3,18,2400,25,89,0,6
2010,3,19,100,24,93,2,10
2010,3,19,200,23,93,9,13
2010,3,19,300,22,93,5,14
2010,3,19,400,22,92,6,11
2010,3,19,500,21,91,6,10
2010,3,19,600,20,88,2,7
2010,3,19,700,20,88,1,6
2010,3,19,800,20,87,0,5
2010,3,19,900,21,82,2,7
2010,3,19,1000,24,79,1,8
2010,3,19,1100,26,78,4,9
2010,3,19,1200,25,78,4,8
2010,3,19,1300,24,80,2,9
2010,3,19,1400,24,81,3,8
2010,3,19,1500,28,74,3,8
2010,3,19,1600,26,72,2,10
2010,3,19,1700,31,63,0,4
2010,3,19,1800,27,66,0,5
2010,3,19,1900,21,83,0,4
2010,3,19,2000,16,87,3,7
2010,3,19,2100,14,87,2,7
2010,3,19,2200,11,86,3,6
2010,3,19,2300,11,89,3,6
2010,3,19,2400,10,85,3,6
2010,3,20,100,10,88,3,6
2010,3,20,200,10,89,3,6
2010,3,20,300,11,83,1,5
2010,3,20,400,12,87,5,11
2010,3,20,500,13,86,4,12
2010,3,20,600,12,87,4,9
2010,3,20,700,13,85,5,11
2010,3,20,800,17,76,4,11
2010,3,20,900,22,68,3,15
2010,3,20,1000,28,56,5,14
2010,3,20,1100,34,38,3,13
2010,3,20,1200,33,50,3,15
2010,3,20,1300,36,32,5,24
2010,3,20,1400,40,31,3,20
2010,3,20,1500,41,27,6,20
2010,3,20,1600,43,24,2,27
2010,3,20,1700,43,26,5,22
2010,3,20,1800,41,33,3,15
2010,3,20,1900,40,30,6,17
2010,3,20,2000,33,55,2,15
2010,3,20,2100,29,64,2,12
2010,3,20,2200,27,67,3,7
2010,3,20,2300,36,36,8,22
2010,3,20,2400,33,42,5,16
2010,3,21,100,32,47,5,8
2010,3,21,200,30,51,1,12
2010,3,21,300,27,66,2,10
2010,3,21,400,28,58,5,11
2010,3,21,500,27,60,3,11
2010,3,21,600,24,70,4,8
2010,3,21,700,26,61,5,9
2010,3,21,800,25,66,4,9
2010,3,21,900,38,30,3,13
2010,3,21,1000,44,25,8,17
2010,3,21,1100,49,21,10,21
2010,3,21,1200,49,22,9,23
2010,3,21,1300,49,25,1,27
2010,3,21,1400,51,22,5,19
2010,3,21,1500,49,25,11,26
2010,3,21,1600,50,23,7,23
2010,3,21,1700,48,25,3,22
2010,3,21,1800,47,25,5,27
2010,3,21,1900,46,23,4,18
2010,3,21,2000,43,26,9,27
2010,3,21,2100,43,31,25,29
2010,3,21,2200,40,44,7,40
2010,3,21,2300,37,63,12,21
2010,3,21,2400,36,63,7,21
2010,3,22,100,38,55,6,16
2010,3,22,200,38,54,3,14
2010,3,22,300,36,63,7,12
2010,3,22,400,36,66,9,13
2010,3,22,500,34,74,2,11
2010,3,22,600,32,89,3,7
2010,3,22,700,31,90,1,20
2010,3,22,800,31,80,7,23
2010,3,22,900,31,87,5,8
2010,3,22,1000,31,77,5,15
2010,3,22,1100,33,71,7,11
2010,3,22,1200,32,70,12,22
2010,3,22,1300,30,80,3,31
2010,3,22,1400,34,59,2,19
2010,3,22,1500,37,49,4,24
2010,3,22,1600,30,89,1,20
2010,3,22,1700,35,73,0,12
2010,3,22,1800,36,65,0,22
2010,3,22,1900,31,82,1,11
2010,3,22,2000,27,88,0,10
2010,3,22,2100,24,85,3,9
2010,3,22,2200,27,78,3,12
2010,3,22,2300,23,89,0,11
2010,3,22,2400,25,88,0,7
2010,3,23,100,26,90,1,3
2010,3,23,200,25,91,1,4
2010,3,23,300,25,93,4,6
2010,3,23,400,26,93,1,7
2010,3,23,500,26,83,5,12
2010,3,23,600,25,95,1,20
2010,3,23,700,25,95,1,7
2010,3,23,800,25,94,2,7
2010,3,23,900,29,83,3,9
2010,3,23,1000,31,79,1,9
2010,3,23,1100,33,68,5,11
2010,3,23,1200,34,59,3,12
2010,3,23,1300,38,47,3,12
2010,3,23,1400,37,47,1,8
2010,3,23,1500,34,50,5,15
2010,3,23,1600,38,40,3,14
2010,3,23,1700,34,53,4,13
2010,3,23,1800,40,44,1,11
2010,3,23,1900,28,72,3,6
2010,3,23,2000,24,78,3,8
2010,3,23,2100,22,84,6,8
2010,3,23,2200,21,82,4,8
2010,3,23,2300,21,81,5,7
2010,3,23,2400,19,85,5,7
2010,3,24,100,21,86,2,7
2010,3,24,200,22,85,4,7
2010,3,24,300,19,86,3,7
2010,3,24,400,18,84,4,7
2010,3,24,500,17,87,4,6
2010,3,24,600,17,87,4,7
2010,3,24,700,15,85,1,7
2010,3,24,800,17,83,1,7
2010,3,24,900,29,58,1,7
2010,3,24,1000,34,46,5,9
2010,3,24,1100,37,41,5,11
2010,3,24,1200,40,35,5,14
2010,3,24,1300,43,28,4,14
2010,3,24,1400,45,28,2,13
2010,3,24,1500,44,28,7,14
2010,3,24,1600,43,22,2,15
2010,3,24,1700,47,25,1,8
2010,3,24,1800,44,28,3,8
2010,3,24,1900,34,60,2,7
2010,3,24,2000,29,65,4,8
2010,3,24,2100,28,66,4,8
2010,3,24,2200,27,66,5,7
2010,3,24,2300,25,68,6,8
2010,3,24,2400,24,69,3,8
2010,3,25,100,22,71,4,6
2010,3,25,200,23,68,4,8
2010,3,25,300,23,70,5,8
2010,3,25,400,21,75,6,7
2010,3,25,500,21,73,3,7
2010,3,25,600,21,75,4,8
2010,3,25,700,20,76,3,7
2010,3,25,800,22,72,3,7
2010,3,25,900,36,45,1,10
2010,3,25,1000,40,38,7,9
2010,3,25,1100,43,32,2,12
2010,3,25,1200,45,27,7,14
2010,3,25,1300,49,24,5,12
2010,3,25,1400,50,19,1,14
2010,3,25,1500,49,24,3,13
2010,3,25,1600,46,28,9,12
2010,3,25,1700,40,52,5,22
2010,3,25,1800,37,68,9,20
2010,3,25,1900,33,76,6,25
2010,3,25,2000,32,81,6,19
2010,3,25,2100,32,80,8,23
2010,3,25,2200,31,91,1,21
2010,3,25,2300,30,95,1,15
2010,3,25,2400,30,95,6,8
2010,3,26,100,30,97,7,13
2010,3,26,200,30,92,4,22
2010,3,26,300,30,88,4,16
2010,3,26,400,29,81,8,20
2010,3,26,500,29,74,6,17
2010,3,26,600,29,75,9,23
2010,3,26,700,29,71,5,23
2010,3,26,800,29,68,6,18
2010,3,26,900,31,61,7,19
2010,3,26,1000,32,55,6,28
2010,3,26,1100,32,58,5,26
2010,3,26,1200,32,58,14,27
2010,3,26,1300,34,57,7,25
2010,3,26,1400,35,47,14,21
2010,3,26,1500,34,62,9,24
2010,3,26,1600,34,58,0,13
2010,3,26,1700,31,78,2,26
2010,3,26,1800,30,86,4,16
2010,3,26,1900,29,82,3,19
2010,3,26,2000,26,82,0,11
2010,3,26,2100,29,66,8,14
2010,3,26,2200,30,65,10,26
2010,3,26,2300,30,62,21,27
2010,3,26,2400,29,63,14,27
2010,3,27,100,28,65,9,24
2010,3,27,200,26,73,2,14
2010,3,27,300,25,75,0,17
2010,3,27,400,26,71,8,22
2010,3,27,500,26,71,3,26
2010,3,27,600,26,70,5,23
2010,3,27,700,26,66,13,34
2010,3,27,800,27,64,12,36
2010,3,27,900,28,66,13,37
2010,3,27,1000,30,59,15,32
2010,3,27,1100,31,54,9,32
2010,3,27,1200,33,52,7,32
2010,3,27,1300,35,47,12,27
2010,3,27,1400,37,46,18,31
2010,3,27,1500,38,43,12,33
2010,3,27,1600,40,37,2,27
2010,3,27,1700,44,29,6,14
2010,3,27,1800,42,31,1,13
2010,3,27,1900,40,34,2,18
2010,3,27,2000,39,37,5,12
2010,3,27,2100,38,37,4,18
2010,3,27,2200,36,44,3,14
2010,3,27,2300,30,55,6,8
2010,3,27,2400,26,62,6,9
2010,3,28,100,28,56,0,9
2010,3,28,200,29,50,1,11
2010,3,28,300,29,54,3,11
2010,3,28,400,24,67,3,9
2010,3,28,500,25,59,2,9
2010,3,28,600,24,62,2,7
2010,3,28,700,23,66,4,8
2010,3,28,800,25,60,2,6
2010,3,28,900,34,45,1,6
2010,3,28,1000,38,36,3,8
2010,3,28,1100,43,30,3,9
2010,3,28,1200,44,28,6,12
2010,3,28,1300,49,19,3,21
2010,3,28,1400,49,21,2,14
2010,3,28,1500,50,19,5,21
2010,3,28,1600,49,21,19,26
2010,3,28,1700,48,22,4,26
2010,3,28,1800,47,25,6,36
2010,3,28,1900,45,26,9,33
2010,3,28,2000,45,29,15,37
2010,3,28,2100,44,33,11,37
2010,3,28,2200,43,38,7,30
2010,3,28,2300,44,35,9,28
2010,3,28,2400,43,36,2,27
2010,3,29,100,43,36,11,21
2010,3,29,200,43,39,11,27
2010,3,29,300,44,39,4,30
2010,3,29,400,43,39,3,29
2010,3,29,500,44,37,1,22
2010,3,29,600,43,39,7,25
2010,3,29,700,44,40,5,22
2010,3,29,800,44,36,9,18
2010,3,29,900,47,35,2,21
2010,3,29,1000,46,37,5,16
2010,3,29,1100,45,43,5,19
2010,3,29,1200,44,48,5,20
2010,3,29,1300,43,53,6,19
2010,3,29,1400,43,53,10,22
2010,3,29,1500,44,52,5,24
2010,3,29,1600,42,55,8,20
2010,3,29,1700,44,49,3,22
2010,3,29,1800,47,41,4,14
2010,3,29,1900,44,46,9,26
2010,3,29,2000,42,51,7,28
2010,3,29,2100,41,59,2,23
2010,3,29,2200,40,65,5,29
2010,3,29,2300,38,70,10,25
2010,3,29,2400,38,77,22,22
2010,3,30,100,38,68,2,25
2010,3,30,200,41,57,8,29
2010,3,30,300,41,56,2,25
2010,3,30,400,38,72,15,19
2010,3,30,500,31,90,5,27
2010,3,30,600,31,88,8,18
2010,3,30,700,30,93,5,18
2010,3,30,800,30,96,4,15
2010,3,30,900,30,96,6,10
2010,3,30,1000,31,93,2,10
2010,3,30,1100,31,93,2,7
2010,3,30,1200,29,89,2,11
2010,3,30,1300,28,88,3,11
2010,3,30,1400,32,80,1,10
2010,3,30,1500,30,83,3,9
2010,3,30,1600,33,81,0,7
2010,3,30,1700,34,74,0,5
2010,3,30,1800,29,89,2,4
2010,3,30,1900,27,92,4,12
2010,3,30,2000,26,94,2,8
2010,3,30,2100,25,94,2,8
2010,3,30,2200,27,84,3,15
2010,3,30,2300,27,79,6,14
2010,3,30,2400,27,77,4,22
2010,3,31,100,26,74,9,37
2010,3,31,200,26,65,3,29
2010,3,31,300,25,67,4,19
2010,3,31,400,24,88,1,17
2010,3,31,500,25,79,0,14
2010,3,31,600,24,87,0,3
2010,3,31,700,22,88,0,3
2010,3,31,800,27,60,4,5
2010,3,31,900,25,61,4,16
2010,3,31,1000,25,59,1,23
2010,3,31,1100,33,41,1,12
2010,3,31,1200,33,38,6,17
2010,3,31,1300,32,38,5,14
2010,3,31,1400,32,45,6,15
2010,3,31,1500,37,38,5,18
2010,3,31,1600,35,33,1,11
2010,3,31,1700,35,43,3,8
2010,3,31,1800,37,44,0,7
2010,3,31,1900,32,67,1,4
2010,3,31,2000,26,69,2,5
2010,3,31,2100,24,78,4,6
2010,3,31,2200,23,82,1,6
2010,3,31,2300,23,83,3,5
2010,3,31,2400,23,86,3,5
2010,4,1,100,24,83,1,6
2010,4,1,200,24,80,5,7
2010,4,1,300,24,85,0,6
2010,4,1,400,23,85,0,4
2010,4,1,500,23,84,1,5
2010,4,1,600,23,86,0,3
2010,4,1,700,23,89,0,1
2010,4,1,800,24,86,0,3
2010,4,1,900,26,82,2,4
2010,4,1,1000,28,74,1,9
2010,4,1,1100,32,61,3,8
2010,4,1,1200,32,55,1,9
2010,4,1,1300,36,49,2,12
2010,4,1,1400,32,52,1,14
2010,4,1,1500,31,69,1,13
2010,4,1,1600,32,73,3,9
2010,4,1,1700,28,80,1,8
2010,4,1,1800,26,89,0,8
2010,4,1,1900,26,89,1,5
2010,4,1,2000,24,88,0,6
2010,4,1,2100,21,88,2,10
2010,4,1,2200,17,88,2,5
2010,4,1,2300,15,89,2,3
2010,4,1,2400,14,88,2,3
2010,4,2,100,13,91,2,3
2010,4,2,200,13,92,1,4
2010,4,2,300,13,90,0,4
2010,4,2,400,13,86,0,4
2010,4,2,500,11,89,1,4
2010,4,2,600,10,88,1,4
2010,4,2,700,13,90,4,4
2010,4,2,800,22,82,2,4
2010,4,2,900,26,67,2,13
2010,4,2,1000,29,62,1,11
2010,4,2,1100,30,58,6,14
2010,4,2,1200,34,46,3,13
2010,4,2,1300,34,46,4,17
2010,4,2,1400,37,35,0,17
2010,4,2,1500,39,37,8,16
2010,4,2,1600,35,38,9,23
2010,4,2,1700,35,37,7,15
2010,4,2,1800,35,39,4,25
2010,4,2,1900,33,49,7,19
2010,4,2,2000,31,49,14,22
2010,4,2,2100,30,57,7,23
2010,4,2,2200,30,61,3,21
2010,4,2,2300,29,62,3,13
2010,4,2,2400,27,86,3,9
2010,4,3,100,26,92,2,7
2010,4,3,200,27,84,7,18
2010,4,3,300,26,92,1,22
2010,4,3,400,25,92,5,14
2010,4,3,500,25,94,2,8
2010,4,3,600,25,94,5,9
2010,4,3,700,25,94,1,5
2010,4,3,800,24,89,4,10
2010,4,3,900,23,84,9,22
2010,4,3,1000,23,79,9,27
2010,4,3,1100,25,87,5,22
2010,4,3,1200,27,69,6,20
2010,4,3,1300,32,47,7,23
2010,4,3,1400,33,46,11,22
2010,4,3,1500,28,63,11,17
2010,4,3,1600,26,76,4,18
2010,4,3,1700,26,68,1,10
2010,4,3,1800,26,64,4,13
2010,4,3,1900,26,58,3,21
2010,4,3,2000,25,60,2,17
2010,4,3,2100,25,60,7,16
2010,4,3,2200,24,58,5,15
2010,4,3,2300,24,54,2,24
2010,4,3,2400,18,74,0,14
2010,4,4,100,17,82,4,7
2010,4,4,200,18,82,2,6
2010,4,4,300,18,78,1,4
2010,4,4,400,15,81,1,4
2010,4,4,500,15,83,0,6
2010,4,4,600,18,82,0,4
2010,4,4,700,20,80,0,6
2010,4,4,800,21,69,3,5
2010,4,4,900,23,60,3,8
2010,4,4,1000,25,57,6,13
2010,4,4,1100,29,43,3,18
2010,4,4,1200,31,41,17,22
2010,4,4,1300,34,35,4,24
2010,4,4,1400,35,32,2,26
2010,4,4,1500,36,25,4,18
2010,4,4,1600,35,25,3,17
2010,4,4,1700,37,24,7,19
2010,4,4,1800,36,25,1,14
2010,4,4,1900,28,53,5,17
2010,4,4,2000,24,67,3,11
2010,4,4,2100,21,73,1,6
2010,4,4,2200,18,77,4,5
2010,4,4,2300,16,76,4,7
2010,4,4,2400,15,80,2,5
2010,4,5,100,14,78,2,5
2010,4,5,200,13,79,5,6
2010,4,5,300,14,80,4,8
2010,4,5,400,15,80,3,7
2010,4,5,500,14,79,4,8
2010,4,5,600,13,82,4,7
2010,4,5,700,15,82,2,7
2010,4,5,800,18,77,2,5
2010,4,5,900,31,49,2,4
2010,4,5,1000,37,33,3,8
2010,4,5,1100,33,48,4,12
2010,4,5,1200,29,84,0,13
2010,4,5,1300,33,74,2,6
2010,4,5,1400,34,75,2,5
2010,4,5,1500,33,72,7,10
2010,4,5,1600,35,69,0,11
2010,4,5,1700,38,61,1,7
2010,4,5,1800,35,65,1,6
2010,4,5,1900,33,72,1,3
2010,4,5,2000,28,79,5,8
2010,4,5,2100,24,83,3,7
2010,4,5,2200,22,85,2,7
2010,4,5,2300,22,87,3,7
2010,4,5,2400,23,86,1,7
2010,4,6,100,23,87,4,6
2010,4,6,200,24,87,2,5
2010,4,6,300,25,88,1,4
2010,4,6,400,26,86,0,5
2010,4,6,500,26,94,2,7
2010,4,6,600,25,94,3,7
2010,4,6,700,24,92,6,13
2010,4,6,800,23,92,5,22
2010,4,6,900,24,89,18,25
2010,4,6,1000,25,81,23,34
2010,4,6,1100,27,85,2,31
2010,4,6,1200,30,78,9,20
2010,4,6,1300,32,71,4,28
2010,4,6,1400,36,64,5,15
2010,4,6,1500,33,74,2,20
2010,4,6,1600,32,73,3,17
2010,4,6,1700,30,60,12,25
2010,4,6,1800,29,69,4,23
2010,4,6,1900,28,86,2,13
2010,4,6,2000,26,92,0,11
2010,4,6,2100,24,87,0,7
2010,4,6,2200,23,84,0,7
2010,4,6,2300,23,84,0,5
2010,4,6,2400,23,85,1,5
2010,4,7,100,22,85,1,6
2010,4,7,200,19,90,2,6
2010,4,7,300,20,84,3,4
2010,4,7,400,24,63,25,28
2010,4,7,500,24,59,0,28
2010,4,7,600,19,74,1,11
2010,4,7,700,18,72,4,8
2010,4,7,800,27,52,1,24
2010,4,7,900,28,52,5,23
2010,4,7,1000,31,47,6,13
2010,4,7,1100,34,43,7,29
2010,4,7,1200,35,39,9,24
2010,4,7,1300,38,40,5,18
2010,4,7,1400,36,40,8,35
2010,4,7,1500,38,35,5,24
2010,4,7,1600,39,38,9,30
2010,4,7,1700,40,38,5,32
2010,4,7,1800,43,34,14,22
2010,4,7,1900,37,43,4,24
2010,4,7,2000,38,42,11,20
2010,4,7,2100,38,42,7,31
2010,4,7,2200,37,43,9,23
2010,4,7,2300,38,44,7,29
2010,4,7,2400,38,43,3,32
2010,4,8,100,33,54,1,20
2010,4,8,200,29,66,1,8
2010,4,8,300,28,65,2,10
2010,4,8,400,30,63,0,12
2010,4,8,500,26,72,3,7
2010,4,8,600,24,73,2,6
2010,4,8,700,25,76,3,8
