2009,12,30,1200,14.9,14,91,5,10,163,6999
2009,12,30,1300,14.8,17,90,4,7,157,6999
2009,12,30,1400,14.8,18,88,5,8,157,6999
2009,12,30,1500,14.8,14,91,6,9,160,6999
2009,12,30,1500,14.8,16,90,6,9,158,6999
2009,12,30,1600,14.6,11,91,5,9,159,6999
2009,12,30,1700,14.3,9,91,4,8,157,6999
2009,12,30,1800,14.1,10,92,5,10,154,6999
2009,12,30,1900,13.9,9,91,7,11,153,6999
2009,12,30,2000,13.8,8,90,4,9,152,6999
2009,12,30,2100,13.6,8,90,5,10,152,6999
2009,12,30,2200,13.5,8,90,4,9,152,6999
2009,12,30,2300,13.4,7,90,7,16,151,6999
2009,12,30,2400,13.2,7,90,7,12,151,6999
2009,12,31,100,13.1,7,90,7,13,151,6999
2009,12,31,200,13,8,90,6,11,152,6999
2009,12,31,300,12.9,9,91,4,8,151,6999
2009,12,31,400,12.9,7,90,5,10,149,6999
2009,12,31,500,12.9,7,90,5,11,148,6999
2009,12,31,600,12.9,7,90,6,14,148,6999
2009,12,31,700,12.9,7,90,9,16,147,6999
2009,12,31,800,12.9,7,90,8,14,146,6999
2009,12,31,900,13,7,89,6,11,147,6999
2009,12,31,1000,13.4,9,88,6,10,149,6999
2009,12,31,1100,13.9,8,88,7,12,148,6999
2009,12,31,1200,15,10,86,8,14,147,6999
2009,12,31,1300,15,10,86,9,15,145,6999
2009,12,31,1400,15,8,88,9,17,144,6999
2009,12,31,1500,15,8,89,12,23,143,6999
2009,12,31,1600,14.6,9,90,11,21,142,6999
2009,12,31,1700,14.2,9,91,15,29,142,6999
2009,12,31,1800,14,9,91,10,25,141,6999
2009,12,31,1900,13.9,9,90,9,16,141,6999
2009,12,31,2000,13.7,9,90,8,14,140,6999
2009,12,31,2100,13.6,9,91,9,18,140,6999
2009,12,31,2200,13.4,9,91,11,24,139,6999
2009,12,31,2300,13.3,10,91,9,20,139,6999
2009,12,31,2400,13.2,10,91,11,19,139,6999
2010,1,1,100,13.1,10,91,13,20,138,6999
2010,1,1,200,13,10,91,11,19,138,6999
2010,1,1,300,12.9,11,91,10,17,138,6999
2010,1,1,400,12.9,11,92,10,16,138,6999
2010,1,1,500,12.9,12,92,8,14,138,6999
2010,1,1,600,12.9,12,92,6,10,137,6999
2010,1,1,700,12.9,13,92,8,13,137,6999
2010,1,1,800,12.9,13,92,7,12,137,6999
2010,1,1,900,12.9,14,92,7,11,138,6999
2010,1,1,1000,13.3,16,92,6,9,137,6999
2010,1,1,1100,14.2,17,91,5,9,137,6999
2010,1,1,1200,14.9,17,91,6,8,136,6999
2010,1,1,1300,14.9,17,92,6,10,135,6999
2010,1,1,1400,14.9,18,92,7,9,133,6999
2010,1,1,1500,14.9,17,92,7,13,132,6999
2010,1,1,1600,14.4,18,93,7,11,134,6999
2010,1,1,1700,14.1,17,93,8,14,135,6999
2010,1,1,1800,13.9,17,94,11,20,134,6999
2010,1,1,1900,13.8,18,94,11,22,134,6999
2010,1,1,2000,13.6,19,94,10,18,134,6999
2010,1,1,2100,13.4,19,94,8,14,133,6999
2010,1,1,2200,13.3,19,94,6,11,132,6999
2010,1,1,2300,13.2,20,95,6,10,132,6999
2010,1,1,2400,13.1,20,95,13,24,132,6999
2010,1,2,100,13.1,20,95,11,20,132,6999
2010,1,2,200,13,20,95,6,15,131,6999
2010,1,2,300,13,19,94,6,12,130,6999
2010,1,2,400,13,19,94,3,10,129,6999
2010,1,2,500,12.9,19,95,3,6,129,6999
2010,1,2,600,12.9,19,94,3,7,129,6999
2010,1,2,700,12.9,18,94,4,6,128,6999
2010,1,2,800,12.9,18,94,1,5,128,6999
2010,1,2,900,12.9,18,94,2,5,128,6999
2010,1,2,1000,13.3,21,93,2,4,127,6999
2010,1,2,1100,14.8,22,93,3,5,128,6999
2010,1,2,1200,14.8,19,93,4,5,129,6999
2010,1,2,1300,14.8,20,91,4,7,130,6999
2010,1,2,1400,14.8,22,92,7,11,131,6999
2010,1,2,1500,14.7,23,90,7,12,132,6999
2010,1,2,1600,14.4,20,94,7,12,132,6999
2010,1,2,1700,14.1,18,94,6,11,131,6999
2010,1,2,1800,13.9,18,93,6,9,131,6999
2010,1,2,1900,13.7,17,93,4,9,129,6999
2010,1,2,2000,13.5,16,93,4,6,128,6999
2010,1,2,2100,13.4,16,93,4,7,128,6999
2010,1,2,2200,13.3,16,93,3,5,127,6999
2010,1,2,2300,13.2,16,93,2,4,126,6999
2010,1,2,2400,13.1,16,93,1,3,127,6999
2010,1,3,100,13.1,16,93,1,3,126,6999
2010,1,3,200,13,16,92,2,3,126,6999
2010,1,3,300,13,15,93,3,4,126,6999
2010,1,3,400,13,15,93,2,3,123,6999
2010,1,3,500,12.9,15,93,0,2,123,6999
2010,1,3,600,12.9,15,92,0,0,123,6999
2010,1,3,700,12.9,15,92,0,3,123,6999
2010,1,3,800,12.9,15,92,0,2,124,6999
2010,1,3,900,13,16,92,2,3,124,6999
2010,1,3,1000,13.4,17,92,2,3,124,6999
2010,1,3,1100,14.5,19,90,2,3,124,6999
2010,1,3,1200,14.8,21,89,2,3,124,6999
2010,1,3,1300,14.8,23,90,1,2,125,6999
2010,1,3,1400,14.7,23,92,2,5,126,6999
2010,1,3,1500,14.8,19,91,0,0,127,6999
2010,1,3,1600,14.4,17,92,0,0,127,6999
2010,1,3,1700,14.1,15,92,0,0,125,6999
2010,1,3,1800,13.9,14,92,0,0,126,6999
2010,1,3,1900,13.7,14,92,0,0,127,6999
2010,1,3,2000,13.6,14,92,0,0,127,6999
2010,1,3,2100,13.4,14,92,4,14,127,6999
2010,1,3,2200,13.3,13,91,6,9,128,6999
2010,1,3,2300,13.2,13,91,4,7,127,6999
2010,1,3,2400,13.1,13,92,4,9,129,6999
2010,1,4,100,13.1,14,92,5,9,130,6999
2010,1,4,200,13,14,92,4,8,131,6999
2010,1,4,300,13,14,93,4,9,130,6999
2010,1,4,400,13,14,92,2,6,129,6999
2010,1,4,500,12.9,15,92,4,8,129,6999
2010,1,4,600,12.9,15,92,3,6,128,6999
2010,1,4,700,12.9,15,92,3,6,128,6999
2010,1,4,800,12.9,15,92,3,6,127,6999
2010,1,4,900,13,16,92,3,5,128,6999
2010,1,4,1000,13.4,17,90,3,5,129,6999
2010,1,4,1100,14.8,20,89,6,12,127,6999
2010,1,4,1200,14.8,21,88,7,12,126,6999
2010,1,4,1300,14.8,21,88,7,11,127,6999
2010,1,4,1400,14.8,20,89,7,11,128,6999
2010,1,4,1500,14.8,19,89,7,12,131,6999
2010,1,4,1600,14.5,18,92,7,11,134,6999
2010,1,4,1700,14.2,17,93,6,10,134,6999
2010,1,4,1800,13.9,16,93,5,8,135,6999
2010,1,4,1900,13.7,16,93,6,13,135,6999
2010,1,4,2000,13.6,17,93,5,9,135,6999
2010,1,4,2100,13.4,17,93,4,7,134,6999
2010,1,4,2200,13.3,17,93,7,13,133,6999
2010,1,4,2300,13.2,17,93,7,12,133,6999
2010,1,4,2400,13.1,17,94,10,17,133,6999
2010,1,5,100,13.1,17,93,9,15,133,6999
2010,1,5,200,13.1,16,93,8,14,133,6999
2010,1,5,300,13,16,93,9,14,133,6999
2010,1,5,400,13,16,93,8,12,134,6999
2010,1,5,500,13,15,93,10,23,135,6999
2010,1,5,600,12.9,15,93,10,21,137,6999
2010,1,5,700,12.9,16,93,9,16,138,6999
2010,1,5,800,12.9,16,93,9,16,138,6999
2010,1,5,900,13,16,93,8,15,138,6999
2010,1,5,1000,13.3,16,93,7,13,136,6999
2010,1,5,1100,13.9,18,93,7,14,136,6999
2010,1,5,1200,14.9,18,92,8,13,133,6999
2010,1,5,1300,14.9,19,92,8,12,133,6999
2010,1,5,1400,14.9,17,91,8,16,134,6999
2010,1,5,1500,14.8,18,92,8,14,135,6999
2010,1,5,1600,14.5,18,93,7,12,136,6999
2010,1,5,1700,14.1,17,94,7,15,138,6999
2010,1,5,1800,13.9,16,93,7,12,140,6999
2010,1,5,1900,13.7,16,93,7,11,142,6999
2010,1,5,2000,13.6,16,93,7,11,145,6999
2010,1,5,2100,13.4,17,93,6,11,146,6999
2010,1,5,2200,13.3,18,93,5,11,146,6999
2010,1,5,2300,13.2,20,94,7,13,147,6999
2010,1,5,2400,13.1,22,96,8,14,149,6999
2010,1,6,100,13.1,22,95,12,22,152,6999
2010,1,6,200,13.1,22,95,16,27,153,6999
2010,1,6,300,13,20,94,15,29,155,6999
2010,1,6,400,13,15,92,10,26,158,6999
2010,1,6,500,13,16,91,11,27,160,6999
2010,1,6,600,12.9,12,90,6,21,164,6999
2010,1,6,700,12.9,11,89,11,28,168,6999
2010,1,6,800,12.9,7,88,6,24,173,6999
2010,1,6,900,15.1,5,86,13,32,177,6999
2010,1,6,1000,15.1,1,84,4,12,179,6999
2010,1,6,1100,14.9,5,81,7,13,184,6999
2010,1,6,1200,15,-1,82,12,25,188,6999
2010,1,6,1300,15,0,81,14,27,200,6999
2010,1,6,1400,15,2,77,11,23,205,6999
2010,1,6,1500,15,0,74,8,18,215,6999
2010,1,6,1600,15.1,1,73,9,18,228,6999
2010,1,6,1700,14.4,-2,75,12,20,228,6999
2010,1,6,1800,14.1,-1,59,15,25,222,6999
2010,1,6,1900,13.9,-1,56,17,25,228,6999
2010,1,6,2000,13.8,0,47,16,26,234,6999
2010,1,6,2100,13.6,2,34,14,23,239,6999
2010,1,6,2200,13.5,2,34,13,24,244,6999
2010,1,6,2300,13.4,1,36,9,19,246,6999
2010,1,6,2400,13.2,-0,38,7,15,240,6999
2010,1,7,100,13.1,3,33,5,11,243,6999
2010,1,7,200,13.1,0,36,3,7,242,6999
2010,1,7,300,13,1,45,3,9,231,6999
2010,1,7,400,12.9,3,39,3,8,228,6999
2010,1,7,500,12.9,1,52,2,5,230,6999
2010,1,7,600,12.9,4,30,3,10,227,6999
2010,1,7,700,12.8,5,25,4,9,237,6999
2010,1,7,800,12.8,8,18,7,14,243,6999
2010,1,7,900,15.1,7,28,6,16,269,6999
2010,1,7,1000,14.7,13,18,3,9,305,6999
2010,1,7,1100,14.6,17,23,3,8,328,6999
2010,1,7,1200,14.5,27,27,1,8,316,6999
2010,1,7,1300,14.6,31,20,2,3,275,6999
2010,1,7,1400,14.6,28,41,1,2,286,6999
2010,1,7,1500,14.7,24,39,1,3,310,6999
2010,1,7,1600,14.7,21,37,2,4,329,6999
2010,1,7,1700,14.2,14,38,2,7,315,6999
2010,1,7,1800,13.9,11,45,3,5,293,6999
2010,1,7,1900,13.6,11,33,2,5,273,6999
2010,1,7,2000,13.5,11,29,2,4,323,6999
2010,1,7,2100,13.4,13,27,1,4,332,6999
2010,1,7,2200,13.3,8,36,3,5,324,6999
2010,1,7,2300,13.2,7,29,2,4,318,6999
2010,1,7,2400,13.1,7,31,1,4,321,6999
2010,1,8,100,13.1,8,23,3,5,324,6999
2010,1,8,200,13,9,22,1,4,323,6999
2010,1,8,300,13,15,22,2,4,324,6999
2010,1,8,400,13,16,26,1,4,326,6999
2010,1,8,500,12.9,8,23,2,4,325,6999
2010,1,8,600,12.9,11,17,2,5,324,6999
2010,1,8,700,12.9,13,23,3,4,324,6999
2010,1,8,800,12.9,14,21,2,5,324,6999
2010,1,8,900,14.9,14,17,2,4,333,6999
2010,1,8,1000,14.7,13,15,3,5,338,6999
2010,1,8,1100,14.6,18,19,4,5,339,6999
2010,1,8,1200,14.5,18,32,5,9,341,6999
2010,1,8,1300,14.6,20,33,5,7,336,6999
2010,1,8,1400,14.6,18,34,5,7,332,6999
2010,1,8,1500,14.6,18,41,4,8,329,6999
2010,1,8,1600,14.6,14,37,4,7,316,6999
2010,1,8,1700,14.2,12,28,5,9,302,6999
2010,1,8,1800,13.9,13,17,4,7,292,6999
2010,1,8,1900,13.7,14,13,2,6,290,6999
2010,1,8,2000,13.6,14,12,3,6,290,6999
2010,1,8,2100,13.4,15,13,4,7,291,6999
2010,1,8,2200,13.3,16,14,5,9,293,6999
2010,1,8,2300,13.3,16,16,6,10,292,6999
2010,1,8,2400,13.2,16,16,6,9,290,6999
2010,1,9,100,13.1,16,16,5,9,286,6999
2010,1,9,200,13.1,17,15,4,7,284,6999
2010,1,9,300,13.1,17,16,3,8,282,6999
2010,1,9,400,13,17,17,5,9,283,6999
2010,1,9,500,13,17,14,3,7,283,6999
2010,1,9,600,13,17,15,5,10,280,6999
2010,1,9,700,12.9,17,16,5,8,277,6999
2010,1,9,800,12.9,17,15,5,8,275,6999
2010,1,9,900,14.9,19,14,5,7,278,6999
2010,1,9,1000,14.6,23,14,4,8,314,6999
2010,1,9,1100,14.5,22,21,4,8,312,6999
2010,1,9,1200,14.5,21,24,7,13,293,6999
2010,1,9,1300,14.6,22,27,9,14,277,6999
2010,1,9,1400,14.6,21,31,7,12,276,6999
2010,1,9,1500,14.7,22,41,6,11,262,6999
2010,1,9,1600,14.5,17,58,7,12,260,6999
2010,1,9,1700,14.1,16,79,4,8,230,6999
2010,1,9,1800,13.9,16,88,4,7,172,6999
2010,1,9,1900,13.7,17,92,4,7,158,6999
2010,1,9,2000,13.5,17,94,3,9,152,6999
2010,1,9,2100,13.4,18,92,2,7,153,6999
2010,1,9,2200,13.3,17,95,1,3,157,6999
2010,1,9,2300,13.2,16,93,2,3,157,6999
2010,1,9,2400,13.2,17,97,2,3,157,6999
2010,1,10,100,13.1,16,94,3,5,157,6999
2010,1,10,200,13.1,14,95,3,5,157,6999
2010,1,10,300,13.1,13,95,3,5,157,6999
2010,1,10,400,13,14,93,3,6,159,6999
2010,1,10,500,13,20,96,2,4,161,6999
2010,1,10,600,13,21,96,3,9,164,6999
2010,1,10,700,12.9,21,98,1,4,164,6999
2010,1,10,800,12.9,22,95,2,4,162,6999
2010,1,10,900,14.8,21,93,3,5,162,6999
2010,1,10,1000,14.6,26,81,3,4,167,6999
2010,1,10,1100,14.4,29,75,3,5,206,6999
2010,1,10,1200,14.2,38,57,2,5,228,6999
2010,1,10,1300,14.3,35,55,2,4,281,6999
2010,1,10,1400,14.2,39,52,2,5,321,6999
2010,1,10,1500,14.3,36,59,2,4,319,6999
2010,1,10,1600,14.4,32,68,3,6,302,6999
2010,1,10,1700,14.1,23,94,3,6,259,6999
2010,1,10,1800,13.7,24,95,4,6,165,6999
2010,1,10,1900,13.6,24,95,3,8,165,6999
2010,1,10,2000,13.4,23,97,4,9,164,6999
2010,1,10,2100,13.3,23,97,3,6,164,6999
2010,1,10,2200,13.3,22,98,4,7,164,6999
2010,1,10,2300,13.2,21,96,3,8,165,6999
2010,1,10,2400,13.1,22,97,2,5,166,6999
2010,1,11,100,13.1,23,97,2,5,165,6999
2010,1,11,200,13.1,23,97,3,9,165,6999
2010,1,11,300,13.1,23,97,4,7,165,6999
2010,1,11,400,13.1,23,96,4,8,165,6999
2010,1,11,500,13,23,97,4,8,164,6999
2010,1,11,600,13,22,97,3,6,164,6999
2010,1,11,700,13,23,97,4,10,164,6999
2010,1,11,800,13,22,97,4,9,164,6999
2010,1,11,900,14.6,24,96,3,6,162,6999
2010,1,11,1000,14.6,25,92,4,8,162,6999
2010,1,11,1100,14.4,28,82,5,12,174,6999
2010,1,11,1200,14.4,29,79,8,17,191,6999
2010,1,11,1300,14.4,29,76,8,13,203,6999
2010,1,11,1400,14.5,30,78,9,15,204,6999
2010,1,11,1500,14.6,30,77,9,13,198,6999
2010,1,11,1600,14.6,29,80,8,12,195,6999
2010,1,11,1700,14.2,25,89,6,11,178,6999
2010,1,11,1800,13.9,24,87,6,13,162,6999
2010,1,11,1900,13.7,24,80,8,16,161,6999
2010,1,11,2000,13.5,24,77,6,11,163,6999
2010,1,11,2100,13.4,24,75,6,13,162,6999
2010,1,11,2200,13.3,24,77,5,12,162,6999
2010,1,11,2300,13.2,25,71,4,7,161,6999
2010,1,11,2400,13.2,25,66,4,10,162,6999
2010,1,12,100,13.1,26,60,7,13,166,6999
2010,1,12,200,13.1,26,58,10,18,174,6999
2010,1,12,300,13.1,27,53,11,20,185,6999
2010,1,12,400,13.1,28,50,11,19,191,6999
2010,1,12,500,13,27,50,13,23,194,6999
2010,1,12,600,13,26,51,15,25,194,6999
2010,1,12,700,13,26,54,16,27,193,6999
2010,1,12,800,13.1,26,54,17,33,192,6999
2010,1,12,900,13.9,25,57,11,25,195,6999
2010,1,12,1000,14.7,27,56,14,25,189,6999
2010,1,12,1100,14.6,27,57,12,21,195,6999
2010,1,12,1200,14.7,26,62,12,20,202,6999
2010,1,12,1300,14.6,25,65,12,20,194,6999
2010,1,12,1400,14.7,25,68,13,22,180,6999
2010,1,12,1500,14.4,23,78,18,33,170,6999
2010,1,12,1600,14.6,25,68,23,36,167,6999
2010,1,12,1700,14.1,25,67,23,36,169,6999
2010,1,12,1800,13.9,24,80,21,37,167,6999
2010,1,12,1900,13.7,23,91,23,36,164,6999
2010,1,12,2000,13.6,22,96,21,37,162,6999
2010,1,12,2100,13.4,23,97,10,20,162,6999
2010,1,12,2200,13.3,22,96,9,18,162,6999
2010,1,12,2300,13.3,22,96,13,24,161,6999
2010,1,12,2400,13.2,22,96,16,25,160,6999
2010,1,13,100,13.1,22,96,12,21,158,6999
2010,1,13,200,13.1,22,96,13,22,155,6999
2010,1,13,300,13.1,23,96,9,18,155,6999
2010,1,13,400,13.1,22,96,5,11,154,6999
2010,1,13,500,13,21,96,4,8,154,6999
2010,1,13,600,13,21,96,4,7,155,6999
2010,1,13,700,13,21,96,2,5,155,6999
2010,1,13,800,13,20,96,2,4,154,6999
2010,1,13,900,13.1,22,96,3,7,153,6999
2010,1,13,1000,14.7,24,96,4,7,152,6999
2010,1,13,1100,14.7,24,95,3,7,150,6999
2010,1,13,1200,14.6,26,93,5,10,149,6999
2010,1,13,1300,14.6,24,95,6,11,162,6999
2010,1,13,1400,14.6,24,94,6,12,173,6999
2010,1,13,1500,14.7,24,93,8,14,173,6999
2010,1,13,1600,14.7,24,91,9,16,172,6999
2010,1,13,1700,14.1,23,90,10,18,170,6999
2010,1,13,1800,13.9,22,95,9,17,162,6999
2010,1,13,1900,13.7,22,95,10,20,155,6999
2010,1,13,2000,13.5,23,86,11,19,153,6999
2010,1,13,2100,13.4,23,85,6,12,155,6999
2010,1,13,2200,13.3,22,86,4,7,156,6999
2010,1,13,2300,13.2,24,81,3,7,155,6999
2010,1,13,2400,13.2,21,96,3,11,154,6999
2010,1,14,100,13.1,21,96,4,9,152,6999
2010,1,14,200,13.1,20,95,3,7,152,6999
2010,1,14,300,13.1,20,96,2,5,152,6999
2010,1,14,400,13,19,95,2,5,151,6999
2010,1,14,500,13,19,96,3,4,150,6999
2010,1,14,600,13,19,95,2,5,149,6999
2010,1,14,700,13,19,95,3,5,148,6999
2010,1,14,800,13,19,95,2,5,146,6999
2010,1,14,900,13.2,19,95,2,5,146,6999
2010,1,14,1000,13.8,21,96,2,5,145,6999
2010,1,14,1100,14.7,22,93,3,6,145,6999
2010,1,14,1200,14.6,22,92,5,10,144,6999
2010,1,14,1300,14.6,23,90,5,9,143,6999
2010,1,14,1400,14.7,21,93,8,14,145,6999
2010,1,14,1500,14.7,22,90,8,15,146,6999
2010,1,14,1600,14.4,20,94,9,14,148,6999
2010,1,14,1700,14.1,19,94,5,11,145,6999
2010,1,14,1800,13.9,18,95,4,8,145,6999
2010,1,14,1900,13.7,18,94,6,12,146,6999
2010,1,14,2000,13.5,17,94,8,16,146,6999
2010,1,14,2100,13.4,16,94,7,12,146,6999
2010,1,14,2200,13.3,16,94,6,13,146,6999
2010,1,14,2300,13.2,15,94,8,14,144,6999
2010,1,14,2400,13.2,15,93,6,11,144,6999
2010,1,15,100,13.1,15,94,7,12,143,6999
2010,1,15,200,13.1,15,94,7,13,143,6999
2010,1,15,300,13,15,93,7,13,142,6999
2010,1,15,400,13,15,93,7,12,141,6999
2010,1,15,500,13,15,93,6,12,141,6999
2010,1,15,600,13,15,93,6,14,142,6999
2010,1,15,700,12.9,14,93,6,10,141,6999
2010,1,15,800,12.9,14,93,4,8,140,6999
2010,1,15,900,13,15,92,5,8,140,6999
2010,1,15,1000,13.3,16,89,7,15,140,6999
2010,1,15,1100,14.6,18,87,8,16,140,6999
2010,1,15,1200,14.9,18,87,7,11,139,6999
2010,1,15,1300,14.8,18,87,8,14,140,6999
2010,1,15,1400,14.8,18,88,9,14,139,6999
2010,1,15,1500,14.8,16,94,10,18,138,6999
2010,1,15,1600,14.5,16,94,8,12,137,6999
2010,1,15,1700,14.2,16,94,8,14,138,6999
2010,1,15,1800,14,16,94,10,20,137,6999
2010,1,15,1900,13.8,16,93,16,26,136,6999
2010,1,15,2000,13.6,17,90,15,28,135,6999
2010,1,15,2100,13.5,16,94,12,29,132,6999
2010,1,15,2200,13.3,15,94,9,18,133,6999
2010,1,15,2300,13.3,15,95,11,18,134,6999
2010,1,15,2400,13.2,14,94,7,15,137,6999
2010,1,16,100,13.1,14,92,6,17,139,6999
2010,1,16,200,13.1,14,90,6,15,138,6999
2010,1,16,300,13,14,90,6,16,136,6999
2010,1,16,400,13,15,87,6,14,135,6999
2010,1,16,500,13,15,84,9,22,135,6999
2010,1,16,600,12.9,15,81,10,17,135,6999
2010,1,16,700,12.9,16,79,9,16,135,6999
2010,1,16,800,12.9,16,77,9,15,135,6999
2010,1,16,900,14.9,17,74,9,18,134,6999
2010,1,16,1000,14.9,19,71,7,12,133,6999
2010,1,16,1100,14.7,20,64,9,18,133,6999
2010,1,16,1200,14.7,22,63,8,14,138,6999
2010,1,16,1300,14.7,21,66,8,15,142,6999
2010,1,16,1400,14.7,23,62,9,16,141,6999
2010,1,16,1500,14.8,22,61,11,20,146,6999
2010,1,16,1600,14.8,22,61,12,19,148,6999
2010,1,16,1700,14.2,21,65,10,18,149,6999
2010,1,16,1800,14,21,67,11,19,145,6999
2010,1,16,1900,13.8,20,76,9,13,143,6999
2010,1,16,2000,13.6,20,80,9,14,137,6999
2010,1,16,2100,13.5,20,82,9,15,135,6999
2010,1,16,2200,13.4,20,81,5,9,133,6999
2010,1,16,2300,13.3,21,75,3,5,133,6999
2010,1,16,2400,13.2,20,86,5,11,133,6999
2010,1,17,100,13.1,20,81,4,8,131,6999
2010,1,17,200,13.1,20,82,5,9,131,6999
2010,1,17,300,13.1,19,86,5,10,130,6999
2010,1,17,400,13,20,80,4,9,130,6999
2010,1,17,500,13,19,77,4,9,130,6999
2010,1,17,600,13,20,72,7,12,132,6999
2010,1,17,700,13,20,74,6,11,135,6999
2010,1,17,800,13.1,20,74,7,11,134,6999
2010,1,17,900,14.8,21,72,6,11,136,6999
2010,1,17,1000,14.7,24,64,5,12,140,6999
2010,1,17,1100,14.7,27,61,5,10,160,6999
2010,1,17,1200,14.5,28,52,8,12,188,6999
2010,1,17,1300,14.4,28,47,7,13,213,6999
2010,1,17,1400,14.5,29,49,8,14,265,6999
2010,1,17,1500,14.6,27,44,9,18,262,6999
2010,1,17,1600,14.7,26,56,12,20,252,6999
2010,1,17,1700,14.1,23,61,11,19,204,6999
2010,1,17,1800,13.9,22,64,12,22,160,6999
2010,1,17,1900,13.7,22,65,10,17,154,6999
2010,1,17,2000,13.5,23,66,11,20,152,6999
2010,1,17,2100,13.4,23,69,14,24,151,6999
2010,1,17,2200,13.3,22,70,12,28,151,6999
2010,1,17,2300,13.2,21,72,16,29,150,6999
2010,1,17,2400,13.2,21,75,11,21,150,6999
2010,1,18,100,13.1,21,75,13,23,150,6999
2010,1,18,200,13.1,19,82,14,22,149,6999
2010,1,18,300,13.1,18,93,11,18,149,6999
2010,1,18,400,13,17,95,7,20,149,6999
2010,1,18,500,13,18,95,5,8,148,6999
2010,1,18,600,13,18,95,6,13,147,6999
2010,1,18,700,13,19,95,5,10,148,6999
2010,1,18,800,13,19,95,7,13,147,6999
2010,1,18,900,13.1,19,95,6,11,146,6999
2010,1,18,1000,13.8,19,94,7,12,145,6999
2010,1,18,1100,14.8,20,94,4,9,144,6999
2010,1,18,1200,14.8,20,94,5,9,143,6999
2010,1,18,1300,14.8,21,94,6,11,141,6999
2010,1,18,1400,14.8,20,94,8,15,140,6999
2010,1,18,1500,14.8,21,94,8,16,138,6999
2010,1,18,1600,14.4,21,95,7,13,136,6999
2010,1,18,1700,14.2,20,95,9,15,135,6999
2010,1,18,1800,13.9,20,95,9,18,135,6999
2010,1,18,1900,13.7,21,96,7,11,135,6999
2010,1,18,2000,13.6,21,96,6,9,135,6999
2010,1,18,2100,13.4,21,96,7,11,135,6999
2010,1,18,2200,13.3,21,95,6,11,134,6999
2010,1,18,2300,13.3,21,95,5,9,134,6999
2010,1,18,2400,13.2,20,95,6,8,134,6999
2010,1,19,100,13.1,20,95,5,10,134,6999
2010,1,19,200,13.1,21,95,5,8,132,6999
2010,1,19,300,13.1,21,95,3,7,131,6999
2010,1,19,400,13,22,95,5,11,130,6999
2010,1,19,500,13,22,96,5,11,130,6999
2010,1,19,600,13,22,96,9,21,130,6999
2010,1,19,700,13,22,96,16,28,130,6999
2010,1,19,800,13,21,96,13,23,130,6999
2010,1,19,900,13.3,21,95,10,16,129,6999
2010,1,19,1000,13.8,22,95,9,12,129,6999
2010,1,19,1100,14.5,21,94,8,13,129,6999
2010,1,19,1200,14.8,20,94,11,19,130,6999
2010,1,19,1300,14.8,20,94,14,23,131,6999
2010,1,19,1400,14.8,20,93,12,19,131,6999
2010,1,19,1500,14.5,19,94,13,25,130,6999
2010,1,19,1600,14.4,19,94,13,27,130,6999
2010,1,19,1700,14.1,18,94,9,20,128,6999
2010,1,19,1800,13.9,17,94,7,13,130,6999
2010,1,19,1900,13.7,18,94,5,12,129,6999
2010,1,19,2000,13.5,17,94,3,7,128,6999
2010,1,19,2100,13.4,18,94,6,13,128,6999
2010,1,19,2200,13.3,17,94,6,14,128,6999
2010,1,19,2300,13.2,17,94,8,13,129,6999
2010,1,19,2400,13.2,17,94,8,11,129,6999
2010,1,20,100,13.1,16,94,8,13,129,6999
2010,1,20,200,13.1,16,93,5,9,129,6999
2010,1,20,300,13,16,93,2,4,128,6999
2010,1,20,400,13,15,93,2,5,131,6999
2010,1,20,500,13,16,93,2,7,130,6999
2010,1,20,600,12.9,16,93,1,4,128,6999
2010,1,20,700,12.9,15,93,2,4,128,6999
2010,1,20,800,12.9,15,92,1,4,127,6999
2010,1,20,900,13.1,16,92,2,5,127,6999
2010,1,20,1000,13.5,19,92,1,3,127,6999
2010,1,20,1100,13.9,19,92,0,0,128,6999
2010,1,20,1200,14.8,20,90,2,5,128,6999
2010,1,20,1300,14.8,19,92,3,7,128,6999
2010,1,20,1400,14.8,19,91,5,9,128,6999
2010,1,20,1500,14.8,19,91,6,10,128,6999
2010,1,20,1600,14.7,18,93,6,9,128,6999
2010,1,20,1700,14.3,18,94,6,12,129,6999
2010,1,20,1800,14,18,94,8,15,129,6999
2010,1,20,1900,13.8,18,94,6,11,130,6999
2010,1,20,2000,13.6,17,94,13,21,130,6999
2010,1,20,2100,13.5,17,95,14,22,129,6999
2010,1,20,2200,13.4,16,94,15,26,129,6999
2010,1,20,2300,13.3,16,94,13,23,129,6999
2010,1,20,2400,13.2,17,94,13,23,128,6999
2010,1,21,100,13.1,16,94,9,21,128,6999
2010,1,21,200,13.1,16,94,6,12,129,6999
2010,1,21,300,13.1,16,94,5,12,131,6999
2010,1,21,400,13,16,94,6,12,131,6999
2010,1,21,500,13,16,94,5,10,130,6999
2010,1,21,600,13,16,94,4,9,131,6999
2010,1,21,700,12.9,16,94,3,10,131,6999
2010,1,21,800,12.9,17,94,5,11,131,6999
2010,1,21,900,13,17,94,4,8,131,6999
2010,1,21,1000,13.3,18,93,5,9,131,6999
2010,1,21,1100,14.1,19,93,3,9,131,6999
2010,1,21,1200,14.8,19,92,4,9,131,6999
2010,1,21,1300,14.8,20,92,6,11,132,6999
2010,1,21,1400,14.8,21,92,8,14,133,6999
2010,1,21,1500,14.7,22,91,7,15,136,6999
2010,1,21,1600,14.6,20,92,6,11,139,6999
2010,1,21,1700,14.2,19,94,6,10,143,6999
2010,1,21,1800,13.9,18,94,7,12,146,6999
2010,1,21,1900,13.8,19,95,5,9,147,6999
2010,1,21,2000,13.6,18,94,2,6,147,6999
2010,1,21,2100,13.4,17,94,4,6,147,6999
2010,1,21,2200,13.3,17,95,6,9,146,6999
2010,1,21,2300,13.2,16,94,12,18,146,6999
2010,1,21,2400,13.2,16,93,14,20,146,6999
2010,1,22,100,13.1,16,92,16,23,146,6999
2010,1,22,200,13.1,17,74,20,29,151,6999
2010,1,22,300,13,18,72,19,28,173,6999
2010,1,22,400,13,19,60,21,30,184,6999
2010,1,22,500,13,18,72,15,27,163,6999
2010,1,22,600,13,16,90,15,30,151,6999
2010,1,22,700,12.9,16,93,18,30,147,6999
2010,1,22,800,12.9,16,94,17,24,145,6999
2010,1,22,900,13,16,92,17,25,144,6999
2010,1,22,1000,13.4,19,91,9,15,142,6999
2010,1,22,1100,14.5,19,95,7,14,141,6999
2010,1,22,1200,14.8,19,94,10,20,135,6999
2010,1,22,1300,14.8,21,94,10,19,129,6999
2010,1,22,1400,14.8,20,95,15,24,125,6999
2010,1,22,1500,14.8,20,95,16,30,123,6999
2010,1,22,1600,14.4,19,95,12,22,119,6999
2010,1,22,1700,14.1,18,95,12,21,119,6999
2010,1,22,1800,13.9,17,95,14,24,121,6999
2010,1,22,1900,13.7,16,94,11,20,122,6999
2010,1,22,2000,13.5,17,94,10,17,123,6999
2010,1,22,2100,13.4,16,94,9,17,123,6999
2010,1,22,2200,13.3,16,94,8,12,124,6999
2010,1,22,2300,13.2,16,94,8,13,124,6999
2010,1,22,2400,13.2,16,94,7,12,125,6999
2010,1,23,100,13.1,16,94,7,10,128,6999
2010,1,23,200,13.1,16,94,7,10,131,6999
2010,1,23,300,13,16,94,7,11,132,6999
2010,1,23,400,13,16,94,7,11,133,6999
2010,1,23,500,13,16,94,6,9,134,6999
2010,1,23,600,12.9,15,94,5,10,136,6999
2010,1,23,700,12.9,15,94,7,12,138,6999
2010,1,23,800,12.9,14,93,8,13,142,6999
2010,1,23,900,13.2,14,93,9,15,143,6999
2010,1,23,1000,13.9,15,93,9,17,142,6999
2010,1,23,1100,14.9,15,93,8,15,142,6999
2010,1,23,1200,14.8,16,92,7,15,139,6999
2010,1,23,1300,14.8,16,92,11,17,137,6999
2010,1,23,1400,14.8,15,92,8,15,138,6999
2010,1,23,1500,14.8,15,92,9,18,139,6999
2010,1,23,1600,14.9,14,92,8,17,143,6999
2010,1,23,1700,14.4,12,92,9,18,149,6999
2010,1,23,1800,14.1,12,92,9,20,153,6999
2010,1,23,1900,13.9,12,92,6,16,156,6999
2010,1,23,2000,13.7,12,92,11,25,157,6999
2010,1,23,2100,13.5,12,91,9,22,158,6999
2010,1,23,2200,13.4,12,92,10,31,158,6999
2010,1,23,2300,13.3,12,91,10,23,159,6999
2010,1,23,2400,13.2,12,91,9,27,161,6999
2010,1,24,100,13.1,12,91,9,28,161,6999
2010,1,24,200,13.1,12,90,9,21,162,6999
2010,1,24,300,13.1,12,89,8,27,162,6999
2010,1,24,400,13,12,86,16,40,162,6999
2010,1,24,500,13,12,80,21,45,164,6999
2010,1,24,600,12.9,12,79,13,34,165,6999
2010,1,24,700,12.9,12,75,14,32,165,6999
2010,1,24,800,13,11,80,16,29,166,6999
2010,1,24,900,15.1,11,77,12,24,167,6999
2010,1,24,1000,14.7,14,78,6,19,229,6999
2010,1,24,1100,14.7,13,84,7,15,247,6999
2010,1,24,1200,14.7,15,83,9,16,190,6999
2010,1,24,1300,14.7,14,86,7,11,188,6999
2010,1,24,1400,14.8,14,87,6,11,178,6999
2010,1,24,1500,14.8,13,87,4,8,169,6999
2010,1,24,1600,14.9,12,91,6,14,168,6999
2010,1,24,1700,14.3,11,92,6,15,167,6999
2010,1,24,1800,14,10,92,4,8,167,6999
2010,1,24,1900,13.8,9,91,4,8,167,6999
2010,1,24,2000,13.6,9,91,3,6,168,6999
2010,1,24,2100,13.5,8,91,3,6,169,6999
2010,1,24,2200,13.4,8,91,3,6,169,6999
2010,1,24,2300,13.3,8,91,4,7,169,6999
2010,1,24,2400,13.2,8,91,5,9,170,6999
2010,1,25,100,13.1,8,91,5,9,169,6999
2010,1,25,200,13.1,9,91,5,10,169,6999
2010,1,25,300,13,8,90,5,11,169,6999
2010,1,25,400,13,9,91,4,6,168,6999
2010,1,25,500,13,10,91,4,7,169,6999
2010,1,25,600,12.9,10,91,5,8,169,6999
2010,1,25,700,12.9,10,91,4,7,169,6999
2010,1,25,800,12.9,10,91,4,7,169,6999
2010,1,25,900,13.1,10,91,4,8,169,6999
2010,1,25,1000,15,13,91,6,9,170,6999
2010,1,25,1100,15,14,88,5,8,170,6999
2010,1,25,1200,14.9,15,88,7,11,172,6999
2010,1,25,1300,14.9,15,87,8,14,171,6999
2010,1,25,1400,14.9,14,88,9,14,172,6999
2010,1,25,1500,14.9,15,88,7,13,172,6999
2010,1,25,1600,14.8,13,90,7,12,172,6999
2010,1,25,1700,14.3,13,91,8,14,173,6999
2010,1,25,1800,14,13,92,7,13,173,6999
2010,1,25,1900,13.9,13,92,7,13,172,6999
2010,1,25,2000,13.7,13,92,6,12,172,6999
2010,1,25,2100,13.5,14,93,7,16,172,6999
2010,1,25,2200,13.4,14,92,6,13,172,6999
2010,1,25,2300,13.3,14,92,5,10,172,6999
2010,1,25,2400,13.2,15,92,5,10,172,6999
2010,1,26,100,13.1,14,92,4,8,172,6999
2010,1,26,200,13.1,15,92,4,7,172,6999
2010,1,26,300,13.1,15,93,5,8,172,6999
2010,1,26,400,13,15,93,3,7,172,6999
2010,1,26,500,13,15,92,1,3,172,6999
2010,1,26,600,13,14,92,2,4,172,6999
2010,1,26,700,12.9,14,93,1,5,172,6999
2010,1,26,800,12.9,16,93,2,4,172,6999
2010,1,26,900,13.1,18,92,2,3,172,6999
2010,1,26,1000,13.8,20,90,2,4,173,6999
2010,1,26,1100,14.8,21,89,2,5,174,6999
2010,1,26,1200,14.9,21,83,5,13,174,6999
2010,1,26,1300,14.8,20,86,9,14,174,6999
2010,1,26,1400,14.8,20,88,8,12,175,6999
2010,1,26,1500,14.8,21,87,8,14,174,6999
2010,1,26,1600,14.6,18,91,6,13,175,6999
2010,1,26,1700,14.3,18,91,7,13,173,6999
2010,1,26,1800,14,17,93,6,11,172,6999
2010,1,26,1900,13.8,17,93,6,9,172,6999
2010,1,26,2000,13.6,17,93,6,9,172,6999
2010,1,26,2100,13.5,17,93,5,9,173,6999
2010,1,26,2200,13.4,17,93,4,7,173,6999
2010,1,26,2300,13.3,17,93,3,6,172,6999
2010,1,26,2400,13.2,17,93,3,5,172,6999
2010,1,27,100,13.1,17,94,1,4,172,6999
2010,1,27,200,13.1,17,93,2,4,172,6999
2010,1,27,300,13.1,17,93,1,4,173,6999
2010,1,27,400,13,17,93,2,2,173,6999
2010,1,27,500,13,17,93,1,2,173,6999
2010,1,27,600,13,17,93,1,3,173,6999
2010,1,27,700,13,18,93,1,3,173,6999
2010,1,27,800,13,16,93,1,4,174,6999
2010,1,27,900,14.8,19,87,1,3,176,6999
2010,1,27,1000,14.7,24,83,1,4,171,6999
2010,1,27,1100,14.6,21,86,3,7,173,6999
2010,1,27,1200,14.7,21,85,6,10,178,6999
2010,1,27,1300,14.8,23,81,5,9,178,6999
2010,1,27,1400,14.6,22,83,4,8,178,6999
2010,1,27,1500,14.7,22,83,4,7,180,6999
2010,1,27,1600,14.8,21,87,3,8,181,6999
2010,1,27,1700,14.4,19,91,3,7,182,6999
2010,1,27,1800,14,18,93,4,9,184,6999
2010,1,27,1900,13.8,17,91,5,8,183,6999
2010,1,27,2000,13.6,16,90,10,13,183,6999
2010,1,27,2100,13.5,16,88,9,11,184,6999
2010,1,27,2200,13.4,17,85,7,10,184,6999
2010,1,27,2300,13.3,17,86,4,8,184,6999
2010,1,27,2400,13.2,15,90,1,4,185,6999
2010,1,28,100,13.2,16,87,1,5,187,6999
2010,1,28,200,13.1,17,85,4,9,186,6999
2010,1,28,300,13.1,17,84,4,7,185,6999
2010,1,28,400,13,17,84,3,7,185,6999
2010,1,28,500,13,16,85,1,5,185,6999
2010,1,28,600,13,12,95,1,2,185,6999
2010,1,28,700,12.9,15,95,3,10,183,6999
2010,1,28,800,15,17,87,4,7,178,6999
2010,1,28,900,14.7,21,81,1,4,190,6999
2010,1,28,1000,14.4,27,76,1,3,212,6999
2010,1,28,1100,14.4,30,67,2,5,216,6999
2010,1,28,1200,14.4,30,63,5,7,220,6999
2010,1,28,1300,14.4,29,70,5,8,209,6999
2010,1,28,1400,14.5,30,69,4,7,193,6999
2010,1,28,1500,14.5,31,70,3,7,188,6999
2010,1,28,1600,14.6,29,68,3,6,175,6999
2010,1,28,1700,14.3,21,83,1,4,171,6999
2010,1,28,1800,13.9,15,98,2,4,171,6999
2010,1,28,1900,13.7,17,92,2,4,170,6999
2010,1,28,2000,13.6,15,93,2,4,171,6999
2010,1,28,2100,13.4,16,97,3,7,171,6999
2010,1,28,2200,13.3,16,93,3,5,171,6999
2010,1,28,2300,13.3,17,83,2,4,171,6999
2010,1,28,2400,13.2,19,65,2,6,172,6999
2010,1,29,100,13.1,18,66,3,7,171,6999
2010,1,29,200,13.1,14,95,2,4,171,6999
2010,1,29,300,13.1,16,78,2,4,170,6999
2010,1,29,400,13,16,95,2,4,169,6999
2010,1,29,500,13,16,94,2,4,169,6999
2010,1,29,600,13,16,92,2,5,169,6999
2010,1,29,700,13,20,53,3,5,168,6999
2010,1,29,800,13,18,80,3,5,168,6999
2010,1,29,900,15,17,90,2,4,167,6999
2010,1,29,1000,14.7,22,78,2,4,169,6999
2010,1,29,1100,14.5,25,74,1,4,173,6999
2010,1,29,1200,14.4,30,68,2,4,171,6999
2010,1,29,1300,14.3,37,55,2,4,196,6999
2010,1,29,1400,14.3,34,61,2,4,216,6999
2010,1,29,1500,14.5,30,64,3,6,190,6999
2010,1,29,1600,14.5,26,73,3,5,184,6999
2010,1,29,1700,14.2,23,86,2,4,174,6999
2010,1,29,1800,13.9,20,91,2,3,173,6999
2010,1,29,1900,13.7,19,71,2,3,174,6999
2010,1,29,2000,13.5,20,62,2,4,176,6999
2010,1,29,2100,13.4,21,73,2,4,176,6999
2010,1,29,2200,13.3,21,70,3,5,175,6999
2010,1,29,2300,13.2,22,72,3,5,175,6999
2010,1,29,2400,13.2,23,64,3,7,175,6999
2010,1,30,100,13.1,24,40,2,3,175,6999
2010,1,30,200,13.1,23,44,2,4,176,6999
2010,1,30,300,13.1,19,76,2,4,176,6999
2010,1,30,400,13,19,69,2,4,175,6999
2010,1,30,500,13,18,69,1,4,173,6999
2010,1,30,600,13,18,71,1,4,173,6999
2010,1,30,700,13,18,70,2,5,172,6999
2010,1,30,800,13.1,19,77,1,3,171,6999
2010,1,30,900,14.7,24,51,1,2,175,6999
2010,1,30,1000,14.6,29,33,1,3,186,6999
2010,1,30,1100,14.4,38,27,0,2,200,6999
2010,1,30,1200,14.3,36,42,2,5,246,6999
2010,1,30,1300,14.3,30,46,5,9,269,6999
2010,1,30,1400,14.5,30,34,5,12,279,6999
2010,1,30,1500,14.6,28,41,6,13,338,6999
2010,1,30,1600,14.6,27,39,5,12,342,6999
2010,1,30,1700,14.3,23,50,5,9,328,6999
2010,1,30,1800,14,21,56,5,9,257,6999
2010,1,30,1900,13.8,21,54,6,16,218,6999
2010,1,30,2000,13.6,19,61,8,18,203,6999
2010,1,30,2100,13.4,19,67,6,12,190,6999
2010,1,30,2200,13.3,18,77,6,13,179,6999
2010,1,30,2300,13.3,18,84,8,15,174,6999
2010,1,30,2400,13.2,19,88,5,11,174,6999
2010,1,31,100,13.1,20,92,4,9,176,6999
2010,1,31,200,13.1,19,94,5,10,177,6999
2010,1,31,300,13.1,17,95,5,8,177,6999
2010,1,31,400,13.1,16,94,4,10,176,6999
2010,1,31,500,13,16,94,4,8,174,6999
2010,1,31,600,13,16,94,4,6,171,6999
2010,1,31,700,13,15,94,3,5,168,6999
2010,1,31,800,13,15,93,4,7,166,6999
2010,1,31,900,13.5,15,93,5,9,163,6999
2010,1,31,1000,14.9,16,92,5,9,159,6999
2010,1,31,1100,14.8,18,91,5,8,158,6999
2010,1,31,1200,14.7,18,91,7,11,157,6999
2010,1,31,1300,14.7,17,92,9,14,161,6999
2010,1,31,1400,14.8,17,92,10,18,162,6999
2010,1,31,1500,14.8,17,92,11,18,159,6999
2010,1,31,1600,14.9,15,93,9,15,156,6999
2010,1,31,1700,14.3,14,93,8,13,154,6999
2010,1,31,1800,14.1,13,92,7,10,154,6999
2010,1,31,1900,13.9,12,92,7,11,154,6999
2010,1,31,2000,13.7,11,92,5,8,154,6999
2010,1,31,2100,13.5,11,92,7,12,154,6999
2010,1,31,2200,13.4,11,92,7,11,154,6999
2010,1,31,2300,13.3,10,91,7,13,153,6999
2010,1,31,2400,13.2,12,92,6,10,152,6999
2010,2,1,100,13.2,14,93,8,13,151,6999
2010,2,1,200,13.1,14,93,9,14,150,6999
2010,2,1,300,13.1,11,92,6,11,151,6999
2010,2,1,400,13.1,11,92,5,9,151,6999
2010,2,1,500,13,10,92,5,8,151,6999
2010,2,1,600,13,10,92,5,8,151,6999
2010,2,1,700,13,12,92,5,9,151,6999
2010,2,1,800,13,11,92,4,7,150,6999
2010,2,1,900,14,13,91,2,6,150,6999
2010,2,1,1000,14.9,16,93,3,5,151,6999
2010,2,1,1100,14.7,20,92,2,8,150,6999
2010,2,1,1200,14.7,19,91,5,8,149,6999
2010,2,1,1300,14.8,17,91,5,10,149,6999
2010,2,1,1400,14.8,17,91,6,11,149,6999
2010,2,1,1500,14.8,16,92,6,10,149,6999
2010,2,1,1600,14.9,14,92,8,15,150,6999
2010,2,1,1700,14.4,13,92,8,12,150,6999
2010,2,1,1800,14.1,12,92,6,11,150,6999
2010,2,1,1900,13.9,12,92,6,10,149,6999
2010,2,1,2000,13.7,12,92,6,11,148,6999
2010,2,1,2100,13.6,12,92,8,14,148,6999
2010,2,1,2200,13.4,13,93,5,11,148,6999
2010,2,1,2300,13.3,13,93,4,7,147,6999
2010,2,1,2400,13.2,14,92,6,11,147,6999
2010,2,2,100,13.2,14,93,7,13,148,6999
2010,2,2,200,13.1,14,93,6,11,149,6999
2010,2,2,300,13.1,14,93,7,14,149,6999
2010,2,2,400,13.1,14,93,7,11,148,6999
2010,2,2,500,13,13,93,5,10,150,6999
2010,2,2,600,13,13,93,6,11,149,6999
2010,2,2,700,13,13,92,5,8,148,6999
2010,2,2,800,13,13,92,7,12,147,6999
2010,2,2,900,13.2,14,92,7,13,147,6999
2010,2,2,1000,13.7,15,92,7,12,146,6999
2010,2,2,1100,14.9,16,91,8,13,146,6999
2010,2,2,1200,14.8,19,89,7,11,149,6999
2010,2,2,1300,14.7,19,89,9,13,150,6999
2010,2,2,1400,14.7,19,91,10,17,150,6999
2010,2,2,1500,14.8,19,91,9,16,147,6999
2010,2,2,1600,14.8,17,93,9,14,149,6999
2010,2,2,1700,14.4,17,93,7,12,147,6999
2010,2,2,1800,14.1,16,93,6,11,146,6999
2010,2,2,1900,13.9,16,93,4,9,145,6999
2010,2,2,2000,13.7,16,94,2,5,147,6999
2010,2,2,2100,13.5,15,93,2,4,147,6999
2010,2,2,2200,13.4,14,92,2,4,148,6999
2010,2,2,2300,13.3,15,93,3,7,147,6999
2010,2,2,2400,13.2,15,93,4,10,146,6999
2010,2,3,100,13.2,16,93,4,9,146,6999
2010,2,3,200,13.1,16,93,4,7,147,6999
2010,2,3,300,13.1,16,93,4,7,146,6999
2010,2,3,400,13.1,16,93,3,6,146,6999
2010,2,3,500,13,17,94,4,7,147,6999
2010,2,3,600,13,17,94,5,7,147,6999
2010,2,3,700,13,17,93,4,9,146,6999
2010,2,3,800,13,18,94,2,4,145,6999
2010,2,3,900,13.3,20,93,2,4,145,6999
2010,2,3,1000,14.7,24,93,3,5,147,6999
2010,2,3,1100,14.6,25,95,5,10,149,6999
2010,2,3,1200,14.5,24,91,6,13,155,6999
2010,2,3,1300,14.5,26,90,8,13,173,6999
2010,2,3,1400,14.6,21,91,10,15,183,6999
2010,2,3,1500,14.7,21,92,9,16,171,6999
2010,2,3,1600,14.8,19,92,8,13,160,6999
2010,2,3,1700,14.3,20,94,4,10,153,6999
2010,2,3,1800,14,19,95,2,5,151,6999
2010,2,3,1900,13.8,20,96,6,12,149,6999
2010,2,3,2000,13.6,20,95,6,14,147,6999
2010,2,3,2100,13.5,20,95,7,14,146,6999
2010,2,3,2200,13.4,20,95,7,11,145,6999
2010,2,3,2300,13.3,20,95,5,9,145,6999
2010,2,3,2400,13.2,19,94,5,8,145,6999
2010,2,4,100,13.2,19,94,4,6,145,6999
2010,2,4,200,13.1,18,94,5,9,146,6999
2010,2,4,300,13.1,17,94,6,10,146,6999
2010,2,4,400,13.1,17,94,4,8,146,6999
2010,2,4,500,13,16,94,3,6,146,6999
2010,2,4,600,13,16,93,2,4,147,6999
2010,2,4,700,13,16,93,2,4,146,6999
2010,2,4,800,13,16,93,2,4,146,6999
2010,2,4,900,14.3,17,92,2,5,146,6999
2010,2,4,1000,14.8,21,92,3,7,145,6999
2010,2,4,1100,14.7,25,90,2,4,146,6999
2010,2,4,1200,14.6,22,90,3,6,148,6999
2010,2,4,1300,14.6,22,87,5,11,148,6999
2010,2,4,1400,14.7,20,91,7,11,151,6999
2010,2,4,1500,14.8,19,91,7,12,150,6999
2010,2,4,1600,14.8,18,96,8,14,149,6999
2010,2,4,1700,14.4,16,93,6,12,146,6999
2010,2,4,1800,14.1,15,93,7,11,145,6999
2010,2,4,1900,13.9,15,93,7,12,144,6999
2010,2,4,2000,13.7,14,92,6,9,144,6999
2010,2,4,2100,13.5,14,93,4,9,144,6999
2010,2,4,2200,13.4,13,92,4,6,144,6999
2010,2,4,2300,13.3,14,93,3,8,144,6999
2010,2,4,2400,13.2,15,93,6,11,143,6999
2010,2,5,100,13.2,15,93,7,12,143,6999
2010,2,5,200,13.1,15,93,5,11,144,6999
2010,2,5,300,13.1,16,93,5,14,144,6999
2010,2,5,400,13.1,16,93,5,9,144,6999
2010,2,5,500,13.1,15,93,4,7,144,6999
2010,2,5,600,13,16,93,4,7,144,6999
2010,2,5,700,13,16,93,4,6,145,6999
2010,2,5,800,13,16,93,4,6,145,6999
2010,2,5,900,13.3,17,92,4,7,145,6999
2010,2,5,1000,13.8,18,92,4,7,144,6999
2010,2,5,1100,14.9,19,89,4,9,147,6999
2010,2,5,1200,14.8,21,89,6,11,147,30
2010,2,5,1300,14.7,20,91,7,12,149,30.6
2010,2,5,1400,14.8,22,90,8,12,149,32.1
2010,2,5,1500,14.7,21,92,8,12,150,31.7
2010,2,5,1600,14.8,20,93,7,13,149,30.7
2010,2,5,1700,14.4,20,94,8,12,147,32
2010,2,5,1800,14,19,94,8,12,146,30.1
2010,2,5,1900,13.8,19,94,6,11,145,31
2010,2,5,2000,13.7,19,95,6,10,146,30.9
2010,2,5,2100,13.5,19,95,5,8,147,32.9
2010,2,5,2200,13.4,20,95,4,6,149,32.7
2010,2,5,2300,13.3,20,95,3,6,148,30.3
2010,2,5,2400,13.2,20,94,4,6,148,32.7
2010,2,6,100,13.2,20,94,4,7,148,33.5
2010,2,6,200,13.1,20,94,7,11,148,33
2010,2,6,300,13.1,19,94,7,14,148,34.2
2010,2,6,400,13.1,19,94,4,9,148,33.6
2010,2,6,500,13,19,94,4,8,148,33.7
2010,2,6,600,13,19,95,2,5,149,33.6
2010,2,6,700,13,19,95,2,5,149,32.7
2010,2,6,800,13,19,94,2,5,149,31.6
2010,2,6,900,13.4,19,92,4,7,149,31.9
2010,2,6,1000,14.7,26,87,3,5,150,33.2
2010,2,6,1100,14.7,23,89,3,7,152,33.6
2010,2,6,1200,14.7,22,87,6,10,153,34.1
2010,2,6,1300,14.7,24,85,6,11,153,33.5
2010,2,6,1400,14.6,25,88,5,10,155,33
2010,2,6,1500,14.6,25,89,4,7,161,33.4
2010,2,6,1600,14.7,29,84,3,7,167,33.4
2010,2,6,1700,14.6,28,92,2,4,190,33.9
2010,2,6,1800,14.1,17,94,1,4,193,33
2010,2,6,1900,13.9,13,91,1,2,178,31.4
2010,2,6,2000,13.7,15,93,1,3,182,31.3
2010,2,6,2100,13.5,17,93,1,3,181,31.4
2010,2,6,2200,13.4,17,91,2,6,177,31.5
2010,2,6,2300,13.3,17,89,3,9,172,31.4
2010,2,6,2400,13.3,17,91,6,11,169,31.3
2010,2,7,100,13.2,17,88,8,15,169,31.5
2010,2,7,200,13.1,16,87,7,15,169,32.5
2010,2,7,300,13.1,16,85,6,14,170,32.6
2010,2,7,400,13.1,16,84,5,12,172,32.3
2010,2,7,500,13.1,15,85,8,15,172,32.4
2010,2,7,600,13,15,83,10,18,172,32.9
2010,2,7,700,13,13,87,11,18,173,32.2
2010,2,7,800,15.1,14,83,11,19,172,31.6
2010,2,7,900,14.8,15,81,10,16,186,32.9
2010,2,7,1000,14.6,17,74,8,18,237,34
2010,2,7,1100,14.6,19,72,10,16,265,34.4
2010,2,7,1200,14.7,22,66,9,15,270,34.6
2010,2,7,1300,14.5,28,55,4,12,285,32.8
2010,2,7,1400,14.5,26,57,5,9,335,32
2010,2,7,1500,14.5,29,52,4,7,338,34.6
2010,2,7,1600,14.6,26,56,5,9,332,39.3
2010,2,7,1700,14.7,24,58,5,12,297,38.1
2010,2,7,1800,14.1,19,68,7,14,246,34
2010,2,7,1900,13.9,19,73,7,15,204,32.7
2010,2,7,2000,13.7,17,77,9,18,194,32.6
2010,2,7,2100,13.5,16,76,7,12,191,32.7
2010,2,7,2200,13.4,17,68,5,10,190,33.4
2010,2,7,2300,13.3,15,67,5,8,197,34.6
2010,2,7,2400,13.3,16,56,5,10,207,38.3
2010,2,8,100,13.2,15,52,6,13,218,40
2010,2,8,200,13.1,16,40,6,9,238,41.9
2010,2,8,300,13.1,14,45,7,13,253,41.8
2010,2,8,400,13.1,14,49,7,16,253,43.2
2010,2,8,500,13,13,54,8,17,251,42.6
2010,2,8,600,13,12,58,9,20,238,43.4
2010,2,8,700,13,13,50,8,17,229,43.5
2010,2,8,800,14.9,13,48,9,15,236,43.4
2010,2,8,900,14.9,16,24,9,16,275,45
2010,2,8,1000,14.6,19,34,8,14,335,46.3
2010,2,8,1100,14.5,25,27,5,12,338,46.4
2010,2,8,1200,14.3,35,33,1,4,339,46.1
2010,2,8,1300,14.3,30,37,2,5,338,34.9
2010,2,8,1400,14.3,30,41,2,5,338,31.6
2010,2,8,1500,14.4,25,46,3,6,337,34.1
2010,2,8,1600,14.4,21,50,3,6,337,44.8
2010,2,8,1700,14.6,19,62,4,7,333,43.9
2010,2,8,1800,14.1,13,72,4,6,307,33
2010,2,8,1900,13.9,13,74,4,8,240,30.7
2010,2,8,2000,13.7,11,75,4,8,205,30.8
2010,2,8,2100,13.5,10,73,3,5,196,31.7
2010,2,8,2200,13.4,10,75,3,6,192,38.7
2010,2,8,2300,13.3,10,75,4,7,191,42.6
2010,2,8,2400,13.2,9,77,4,9,190,44
2010,2,9,100,13.1,7,92,2,3,191,43.9
2010,2,9,200,13.1,7,96,3,5,195,42.5
2010,2,9,300,13.1,7,88,4,7,194,42.2
2010,2,9,400,13,8,93,4,8,193,43.6
2010,2,9,500,13,8,91,4,7,193,43.5
2010,2,9,600,13,8,91,4,7,193,43.8
2010,2,9,700,13,7,90,4,7,194,43.9
2010,2,9,800,13,7,90,2,5,194,43.2
2010,2,9,900,14.9,8,89,3,5,195,42.4
2010,2,9,1000,14.8,14,81,4,8,200,43.9
2010,2,9,1100,14.6,13,77,5,9,221,44.5
2010,2,9,1200,14.6,17,71,7,13,251,43.5
2010,2,9,1300,14.7,15,77,10,16,268,31.2
2010,2,9,1400,14.7,15,78,9,14,252,34.7
2010,2,9,1500,14.7,17,68,8,14,243,30.8
2010,2,9,1600,14.8,15,74,8,15,257,36.2
2010,2,9,1700,14.5,11,91,5,8,223,35.8
2010,2,9,1800,14.1,9,92,4,8,203,31.6
2010,2,9,1900,13.9,9,92,3,6,189,30.9
2010,2,9,2000,13.7,9,91,3,6,187,31.8
2010,2,9,2100,13.5,9,91,3,7,185,37
2010,2,9,2200,13.4,9,91,4,9,184,40.8
2010,2,9,2300,13.3,7,90,3,7,183,39.5
2010,2,9,2400,13.2,7,90,3,5,181,40
2010,2,10,100,13.1,7,90,4,8,181,41.3
2010,2,10,200,13.1,6,89,4,7,182,42.5
2010,2,10,300,13.1,7,90,4,7,181,43.4
2010,2,10,400,13,7,90,4,7,180,43.8
2010,2,10,500,13,6,90,3,7,179,44.1
2010,2,10,600,12.9,6,89,2,6,179,43.1
2010,2,10,700,12.9,5,89,2,5,179,43.8
2010,2,10,800,13.1,6,90,2,8,178,44.3
2010,2,10,900,14.9,11,89,7,15,181,43.4
2010,2,10,1000,14.7,14,88,8,15,190,44.8
2010,2,10,1100,14.6,19,71,4,11,207,34.8
2010,2,10,1200,14.6,18,75,11,20,244,46.3
2010,2,10,1300,14.6,17,74,10,18,246,45.8
2010,2,10,1400,14.8,12,90,11,18,231,45.3
2010,2,10,1500,14.8,12,90,12,19,199,44.4
2010,2,10,1600,14.9,10,91,12,18,183,43.9
2010,2,10,1700,14.9,9,91,12,19,177,46.6
2010,2,10,1800,14.2,8,91,10,17,177,47
2010,2,10,1900,14,7,90,6,10,177,46.4
2010,2,10,2000,13.8,6,90,3,8,178,44.5
2010,2,10,2100,13.6,6,90,5,11,178,44.4
2010,2,10,2200,13.5,6,90,4,7,176,45.3
2010,2,10,2300,13.3,6,89,5,8,175,45.7
2010,2,10,2400,13.2,6,90,5,9,174,44.3
2010,2,11,100,13.2,7,90,4,7,173,44.9
2010,2,11,200,13.1,6,90,3,8,173,44.4
2010,2,11,300,13.1,7,90,4,10,172,45.1
2010,2,11,400,13,7,90,6,10,172,45.6
2010,2,11,500,13,7,89,5,11,171,45.6
2010,2,11,600,13,6,90,4,8,170,45.9
2010,2,11,700,12.9,6,90,3,6,170,45.6
2010,2,11,800,13.1,8,90,4,9,170,46.8
2010,2,11,900,13.5,10,90,5,8,169,45
2010,2,11,1000,15,12,90,4,9,169,44.9
2010,2,11,1100,14.8,17,89,5,10,170,46.3
2010,2,11,1200,14.8,16,85,7,12,167,49.6
2010,2,11,1300,14.8,17,86,8,13,166,49
2010,2,11,1400,14.7,17,83,9,14,169,49.3
2010,2,11,1500,14.9,14,92,10,16,170,46.9
2010,2,11,1600,14.9,14,89,7,13,164,48
2010,2,11,1700,14.3,13,91,6,11,163,46.4
2010,2,11,1800,14,12,91,7,11,163,45.7
2010,2,11,1900,13.8,11,91,5,10,163,42.9
2010,2,11,2000,13.7,11,91,6,11,163,42.4
2010,2,11,2100,13.5,11,92,6,12,163,42.2
2010,2,11,2200,13.4,11,91,6,11,162,43.6
2010,2,11,2300,13.3,11,92,5,9,161,44
2010,2,11,2400,13.2,12,92,7,17,160,41.7
2010,2,12,100,13.1,13,92,5,11,159,42.2
2010,2,12,200,13.1,12,92,5,12,159,43.2
2010,2,12,300,13,13,92,3,6,158,42.8
2010,2,12,400,13,14,93,2,4,158,42.4
2010,2,12,500,13,15,92,2,5,157,39.4
2010,2,12,600,13,15,93,3,5,156,39.8
2010,2,12,700,12.9,15,93,2,5,156,40.5
2010,2,12,800,13,16,92,2,4,155,40
2010,2,12,900,13.4,18,92,3,6,155,38.6
2010,2,12,1000,14.3,18,91,4,6,154,38.2
2010,2,12,1100,14.8,18,90,3,7,154,39.7
2010,2,12,1200,14.7,18,90,5,8,152,42.5
2010,2,12,1300,14.7,18,91,7,12,152,44.1
2010,2,12,1400,14.7,19,90,7,11,151,43.5
2010,2,12,1500,14.7,20,89,9,19,151,42.2
2010,2,12,1600,14.7,23,86,9,24,157,44
2010,2,12,1700,14.5,17,93,7,14,166,41.8
2010,2,12,1800,14.1,15,93,7,13,150,38.9
2010,2,12,1900,13.9,15,93,2,7,149,38.5
2010,2,12,2000,13.7,15,93,4,7,149,38.3
2010,2,12,2100,13.5,15,93,6,12,149,38.6
2010,2,12,2200,13.4,16,93,5,12,148,39
2010,2,12,2300,13.3,16,94,5,9,149,39.3
2010,2,12,2400,13.2,17,93,4,8,149,38.1
2010,2,13,100,13.2,17,94,4,10,148,38.3
2010,2,13,200,13.1,17,93,5,9,147,39.1
2010,2,13,300,13.1,18,94,6,12,147,39.3
2010,2,13,400,13,17,93,7,11,146,39
2010,2,13,500,13,17,93,7,14,146,39.1
2010,2,13,600,13,15,92,7,17,146,38.8
2010,2,13,700,13,16,92,7,16,146,38.7
2010,2,13,800,14.9,15,92,8,16,145,38.9
2010,2,13,900,14.8,17,88,10,20,151,40.1
2010,2,13,1000,14.6,19,82,11,20,179,43.3
2010,2,13,1100,14.5,20,82,11,20,204,47.5
2010,2,13,1200,14.6,21,76,11,28,221,45.3
2010,2,13,1300,14.6,25,70,8,19,238,46.2
2010,2,13,1400,14.5,24,71,9,18,256,44.6
2010,2,13,1500,14.6,22,77,6,12,231,43.1
2010,2,13,1600,14.7,22,70,6,14,206,40
2010,2,13,1700,14.8,21,78,7,14,211,39
2010,2,13,1800,14.2,18,83,9,16,186,38.2
2010,2,13,1900,13.9,18,83,7,15,168,37.7
2010,2,13,2000,13.7,19,83,8,22,168,37.8
2010,2,13,2100,13.6,18,86,7,14,166,38.3
2010,2,13,2200,13.4,18,88,4,11,164,38.1
2010,2,13,2300,13.3,18,85,4,13,165,38.2
2010,2,13,2400,13.3,16,83,3,7,164,37.8
2010,2,14,100,13.2,16,83,5,10,163,37.6
2010,2,14,200,13.1,15,78,4,8,163,36.9
2010,2,14,300,13.1,15,72,4,9,164,37.1
2010,2,14,400,13.1,16,69,7,14,164,37.2
2010,2,14,500,13.1,14,77,6,12,165,37
2010,2,14,600,13,14,75,8,12,163,37
2010,2,14,700,13,14,70,5,9,163,36.9
2010,2,14,800,14.9,14,70,2,5,164,37
2010,2,14,900,14.8,22,52,1,3,184,38.5
2010,2,14,1000,14.5,23,52,1,3,243,43.8
2010,2,14,1100,14.3,23,63,2,8,296,43.4
2010,2,14,1200,14.4,24,57,5,9,309,39.5
2010,2,14,1300,14.4,26,59,5,9,315,38.5
2010,2,14,1400,14.6,23,68,7,11,303,38.5
2010,2,14,1500,14.6,24,64,8,13,274,38.3
2010,2,14,1600,14.6,22,71,8,13,252,37.5
2010,2,14,1700,14.8,20,75,7,12,213,36.5
2010,2,14,1800,14.1,17,77,5,11,192,35.1
2010,2,14,1900,13.9,16,80,5,8,180,34.8
2010,2,14,2000,13.7,16,75,5,7,175,35.6
2010,2,14,2100,13.5,16,71,5,11,177,36.2
2010,2,14,2200,13.4,16,79,2,7,181,36.5
2010,2,14,2300,13.3,15,88,2,6,180,36.4
2010,2,14,2400,13.2,14,92,2,4,177,36.9
2010,2,15,100,13.2,14,94,2,5,174,37.1
2010,2,15,200,13.1,14,93,2,4,173,37
2010,2,15,300,13.1,14,94,2,4,173,37
2010,2,15,400,13.1,14,93,2,4,172,36.3
2010,2,15,500,13.1,15,93,2,4,172,36
2010,2,15,600,13,15,93,2,5,172,35.5
2010,2,15,700,13,15,94,2,4,171,36.8
2010,2,15,800,13.1,16,94,1,2,171,36.9
2010,2,15,900,13.8,18,93,1,2,171,37.1
2010,2,15,1000,14.8,23,89,1,4,172,37.5
2010,2,15,1100,14.6,27,77,1,3,185,38.2
2010,2,15,1200,14.3,28,72,1,3,212,38.5
2010,2,15,1300,14.2,30,67,2,5,258,39.6
2010,2,15,1400,14.3,27,78,3,5,273,43
2010,2,15,1500,14.4,29,76,2,5,246,40.1
2010,2,15,1600,14.5,27,81,2,6,231,37.8
2010,2,15,1700,14.6,27,82,2,5,214,36.9
2010,2,15,1800,14.1,25,84,5,13,191,35.7
2010,2,15,1900,13.8,24,85,7,13,171,34.7
2010,2,15,2000,13.6,23,85,7,11,171,35.8
2010,2,15,2100,13.5,20,93,4,9,171,35.3
2010,2,15,2200,13.4,21,89,5,9,171,35.4
2010,2,15,2300,13.3,22,78,5,7,172,35.9
2010,2,15,2400,13.2,21,79,5,8,171,35.8
2010,2,16,100,13.2,19,84,2,4,170,35.7
2010,2,16,200,13.1,19,83,2,4,172,36.3
2010,2,16,300,13.1,20,84,3,5,172,36.6
2010,2,16,400,13.1,13,93,2,4,171,36.1
2010,2,16,500,13,14,94,3,8,172,36.2
2010,2,16,600,13,15,94,3,6,172,36.5
2010,2,16,700,13,15,93,4,7,172,36.8
2010,2,16,800,13.1,15,93,4,7,171,36.8
2010,2,16,900,15,18,92,2,4,171,36.9
2010,2,16,1000,14.7,20,90,2,3,168,37.1
2010,2,16,1100,14.7,19,88,4,8,167,37.2
2010,2,16,1200,14.7,20,89,5,8,168,37.3
2010,2,16,1300,14.6,23,86,4,6,170,37.3
2010,2,16,1400,14.6,22,87,4,5,175,37
2010,2,16,1500,14.7,21,89,4,6,172,37.1
2010,2,16,1600,14.7,21,89,4,7,167,36.7
2010,2,16,1700,14.7,19,92,4,8,164,36.6
2010,2,16,1800,14.1,17,94,5,8,164,35.9
2010,2,16,1900,13.9,16,94,5,8,164,36.3
2010,2,16,2000,13.7,16,94,4,6,166,36.4
2010,2,16,2100,13.5,16,94,3,8,165,36.5
2010,2,16,2200,13.4,16,93,2,5,165,36.4
2010,2,16,2300,13.3,16,93,2,5,164,36.4
2010,2,16,2400,13.2,16,94,1,4,164,36.3
2010,2,17,100,13.2,16,93,1,4,163,36.3
2010,2,17,200,13.1,16,93,0,0,163,36.3
2010,2,17,300,13.1,15,93,0,0,163,36.3
2010,2,17,400,13.1,16,93,0,0,162,36.5
2010,2,17,500,13,16,93,0,0,162,36.6
2010,2,17,600,13,16,93,0,0,161,36.5
2010,2,17,700,13,16,93,0,0,161,36.4
2010,2,17,800,13.1,16,93,0,0,160,36.4
2010,2,17,900,13.5,18,91,0,0,160,36.4
2010,2,17,1000,14.8,23,84,0,0,160,37
2010,2,17,1100,14.7,24,79,0,0,159,36.9
2010,2,17,1200,14.7,21,87,2,5,160,37.5
2010,2,17,1300,14.6,21,86,5,9,166,37.7
2010,2,17,1400,14.6,22,87,5,8,169,37.6
2010,2,17,1500,14.7,23,85,5,9,178,37.2
2010,2,17,1600,14.7,21,89,5,9,173,36.6
2010,2,17,1700,14.6,19,92,5,8,162,36.3
2010,2,17,1800,14.1,18,93,3,7,160,36.1
2010,2,17,1900,13.9,17,94,4,7,159,36
2010,2,17,2000,13.7,16,93,3,7,159,35.8
2010,2,17,2100,13.6,16,93,1,5,158,35.8
2010,2,17,2200,13.4,15,90,3,7,159,35.3
2010,2,17,2300,13.3,15,89,5,8,159,34.1
2010,2,17,2400,13.3,15,87,4,9,158,34.4
2010,2,18,100,13.2,14,90,5,8,158,34
2010,2,18,200,13.1,14,92,4,8,158,34.4
2010,2,18,300,13.1,13,92,4,7,157,34.8
2010,2,18,400,13.1,13,90,5,11,156,33.9
2010,2,18,500,13.1,12,90,7,15,158,114.3
2010,2,18,600,13,9,92,6,14,161,34.6
2010,2,18,700,13,10,87,4,8,163,34.5
2010,2,18,800,15,11,85,3,7,163,34.8
2010,2,18,900,14.8,12,81,6,10,172,34.9
2010,2,18,1000,14.7,14,75,8,18,209,36.1
2010,2,18,1100,14.7,15,69,7,14,237,37.9
2010,2,18,1200,14.7,18,65,6,12,226,36.8
2010,2,18,1300,14.6,19,61,3,9,232,37.5
2010,2,18,1400,14.6,27,52,4,9,286,37.4
2010,2,18,1500,14.6,21,49,4,11,314,36.4
2010,2,18,1600,14.6,21,55,5,12,312,35.6
2010,2,18,1700,14.6,16,64,3,10,306,35.5
2010,2,18,1800,14.2,12,81,7,14,269,34.8
2010,2,18,1900,13.9,11,75,10,16,197,34.6
2010,2,18,2000,13.8,10,75,13,20,184,34.8
2010,2,18,2100,13.6,10,78,16,21,178,35.2
2010,2,18,2200,13.4,9,74,12,20,176,37.1
2010,2,18,2300,13.3,9,78,9,14,177,38.8
2010,2,18,2400,13.3,8,77,9,15,177,40
2010,2,19,100,13.2,7,77,8,14,177,41
2010,2,19,200,13.1,7,74,9,16,176,42.3
2010,2,19,300,13.1,8,70,10,17,179,43.9
2010,2,19,400,13.1,8,72,11,17,184,45.5
2010,2,19,500,13,7,75,11,18,184,46
2010,2,19,600,13,7,79,10,17,178,46.4
2010,2,19,700,13,6,82,10,18,177,46.6
2010,2,19,800,15.1,6,81,8,14,175,44.8
2010,2,19,900,14.9,8,76,10,18,183,46.4
2010,2,19,1000,14.8,11,62,9,15,221,48
2010,2,19,1100,14.6,20,41,6,18,286,48.2
2010,2,19,1200,14.5,16,50,5,18,320,46.8
2010,2,19,1300,14.7,15,56,8,20,314,42.3
2010,2,19,1400,14.7,16,50,6,14,307,37
2010,2,19,1500,14.8,15,51,5,12,306,37.3
2010,2,19,1600,14.8,14,58,5,14,310,37.3
2010,2,19,1700,14.9,10,76,7,13,287,38.9
2010,2,19,1800,14.2,8,69,9,20,235,43.1
2010,2,19,1900,14,7,69,17,25,207,47.1
2010,2,19,2000,13.8,6,69,18,26,200,47.5
2010,2,19,2100,13.6,6,68,16,25,198,47.8
2010,2,19,2200,13.5,4,70,12,21,200,48.1
2010,2,19,2300,13.4,4,75,6,12,195,47.4
2010,2,19,2400,13.3,4,72,7,13,187,47.6
2010,2,20,100,13.2,4,73,6,12,186,47.5
2010,2,20,200,13.1,4,74,9,13,185,47.8
2010,2,20,300,13.1,3,77,8,15,184,48.1
2010,2,20,400,13.1,3,78,10,16,183,48.4
2010,2,20,500,13,3,77,11,17,183,48.6
2010,2,20,600,13,2,79,11,17,182,48.5
2010,2,20,700,13,1,80,11,18,183,48.7
2010,2,20,800,13.7,2,80,12,23,183,48.3
2010,2,20,900,15.1,3,81,11,18,185,48.1
2010,2,20,1000,14.9,6,75,11,21,190,48.5
2010,2,20,1100,14.8,7,71,10,20,228,48.8
2010,2,20,1200,14.8,8,68,9,19,240,48.7
2010,2,20,1300,14.8,10,66,8,20,241,47.9
2010,2,20,1400,14.8,10,70,8,18,238,47.8
2010,2,20,1500,14.9,10,70,8,17,213,47.2
2010,2,20,1600,14.9,10,71,8,15,207,46.9
2010,2,20,1700,14.9,9,68,8,15,205,46.8
2010,2,20,1800,14.3,7,70,8,17,206,46.7
2010,2,20,1900,14,6,72,9,15,193,47.1
2010,2,20,2000,13.9,5,76,8,15,185,47.3
2010,2,20,2100,13.7,5,79,8,16,177,47.4
2010,2,20,2200,13.5,4,83,9,19,178,47.3
2010,2,20,2300,13.4,4,81,12,22,178,47.2
2010,2,20,2400,13.3,3,81,11,18,179,47.5
2010,2,21,100,13.2,3,78,11,18,178,47.8
2010,2,21,200,13.1,2,77,14,18,179,47.8
2010,2,21,300,13.1,2,76,14,18,179,47.3
2010,2,21,400,13.1,1,80,14,18,180,46.8
2010,2,21,500,13,0,82,15,22,176,46.7
2010,2,21,600,13,-0,82,13,18,176,47
2010,2,21,700,12.9,-0,81,11,16,178,47.4
2010,2,21,800,15.1,1,77,8,12,179,46.7
2010,2,21,900,14.9,3,73,8,12,194,48.2
2010,2,21,1000,14.8,6,67,7,12,240,49.3
2010,2,21,1100,14.7,7,63,7,11,290,49.8
2010,2,21,1200,14.6,16,49,6,12,323,49.8
2010,2,21,1300,14.6,21,42,4,8,327,47.8
2010,2,21,1400,14.5,17,52,4,10,328,42.6
2010,2,21,1500,14.6,16,48,4,10,328,40
2010,2,21,1600,14.6,16,57,4,7,325,41.2
2010,2,21,1700,14.7,13,60,4,9,322,38.4
2010,2,21,1800,14.3,9,59,5,12,314,35.8
2010,2,21,1900,14,8,54,8,13,287,33.4
2010,2,21,2000,13.8,8,46,6,10,265,33.6
2010,2,21,2100,13.7,9,44,4,14,269,34.5
2010,2,21,2200,13.5,6,56,4,12,269,39.1
2010,2,21,2300,13.4,6,48,1,5,264,40.5
2010,2,21,2400,13.3,6,47,2,5,248,42
2010,2,22,100,13.2,5,60,3,6,239,43.1
2010,2,22,200,13.1,5,52,1,4,233,43.5
2010,2,22,300,13.1,4,55,1,4,233,43.7
2010,2,22,400,13.1,5,50,1,3,228,44
2010,2,22,500,13,8,41,3,7,228,45.1
2010,2,22,600,13,6,43,3,8,237,46
2010,2,22,700,13,11,46,9,22,240,47.7
2010,2,22,800,14.9,9,57,13,22,244,47.6
2010,2,22,900,14.9,11,68,13,22,234,48.3
2010,2,22,1000,14.8,14,63,10,19,240,48.4
2010,2,22,1100,14.7,17,60,8,15,262,48.6
2010,2,22,1200,14.4,20,50,4,10,312,44.7
2010,2,22,1300,14.4,22,49,3,11,330,41.6
2010,2,22,1400,14.4,23,52,4,10,333,38.8
2010,2,22,1500,14.5,25,49,4,9,333,37.7
2010,2,22,1600,14.4,24,52,3,7,334,38.7
2010,2,22,1700,14.6,21,61,4,8,327,39.2
2010,2,22,1800,14.3,14,73,4,8,306,37.2
2010,2,22,1900,14,12,79,3,8,238,34.4
2010,2,22,2000,13.8,11,75,4,8,211,34.1
2010,2,22,2100,13.6,11,74,3,6,204,33.9
2010,2,22,2200,13.5,11,71,3,5,199,34.1
2010,2,22,2300,13.4,11,67,4,8,197,33.4
2010,2,22,2400,13.3,6,73,2,7,196,33.4
2010,2,23,100,13.2,3,79,4,9,197,33.4
2010,2,23,200,13.1,2,79,4,9,189,37.3
2010,2,23,300,13.1,2,84,4,8,190,41
2010,2,23,400,13.1,1,91,2,6,192,42
2010,2,23,500,13,1,89,4,9,191,42.9
2010,2,23,600,13,2,88,4,9,190,43.8
2010,2,23,700,13,2,88,4,7,189,44.7
2010,2,23,800,13.2,4,88,4,8,188,45.1
2010,2,23,900,15,7,87,3,6,187,44.4
2010,2,23,1000,14.9,8,88,4,9,186,44.8
2010,2,23,1100,14.8,11,83,6,9,187,45.3
2010,2,23,1200,14.7,14,83,6,10,208,40.8
2010,2,23,1300,14.7,18,73,7,11,229,35.6
2010,2,23,1400,14.7,16,74,9,16,248,34.8
2010,2,23,1500,14.7,18,71,10,16,254,33.5
2010,2,23,1600,14.7,16,71,10,17,249,34.1
2010,2,23,1700,14.8,14,74,11,17,232,35.4
2010,2,23,1800,14.3,9,87,8,14,215,34.6
2010,2,23,1900,14,9,90,8,12,185,33.5
2010,2,23,2000,13.8,11,79,9,15,177,33.7
2010,2,23,2100,13.7,12,72,8,18,181,34.6
2010,2,23,2200,13.5,11,78,8,16,184,41.3
2010,2,23,2300,13.4,10,84,8,16,181,44.2
2010,2,23,2400,13.3,10,88,7,14,179,44.4
2010,2,24,100,13.2,10,86,6,11,179,44.6
2010,2,24,200,13.1,11,78,7,21,179,44.4
2010,2,24,300,13.1,10,78,9,20,180,45.7
2010,2,24,400,13.1,10,79,7,14,181,46.3
2010,2,24,500,13,10,78,8,18,181,46.7
2010,2,24,600,13,11,78,9,17,182,47
2010,2,24,700,12.9,11,78,9,16,183,47.1
2010,2,24,800,13.1,10,92,8,14,182,46.8
2010,2,24,900,14,12,92,9,16,178,45.3
2010,2,24,1000,14.9,12,91,8,13,178,43.6
2010,2,24,1100,14.9,13,92,7,13,177,41.5
2010,2,24,1200,14.8,16,91,7,11,177,39.4
2010,2,24,1300,14.7,18,90,7,13,185,36.2
2010,2,24,1400,14.7,17,90,9,14,200,35.7
2010,2,24,1500,14.8,18,90,10,14,192,36.6
2010,2,24,1600,14.8,17,92,10,16,185,37.1
2010,2,24,1700,14.8,17,93,9,16,178,36.3
2010,2,24,1800,14.2,16,94,6,10,175,36.1
2010,2,24,1900,14,15,93,6,10,175,36.1
2010,2,24,2000,13.8,16,94,6,9,175,36.3
2010,2,24,2100,13.6,16,94,6,8,174,36.3
2010,2,24,2200,13.5,16,93,6,8,174,36.1
2010,2,24,2300,13.4,16,94,4,7,173,36.3
2010,2,24,2400,13.3,14,93,4,6,173,34.5
2010,2,25,100,13.2,14,93,3,9,172,35.5
2010,2,25,200,13.1,13,93,4,8,171,35.5
2010,2,25,300,13.1,13,93,4,7,170,35.8
2010,2,25,400,13.1,14,93,2,5,170,35.3
2010,2,25,500,13,13,93,2,4,169,35.4
2010,2,25,600,13,13,93,1,4,169,35.5
2010,2,25,700,13,15,93,2,4,168,35.7
2010,2,25,800,13.3,15,92,2,5,168,35.6
2010,2,25,900,14.8,19,91,2,4,168,35.9
2010,2,25,1000,14.7,22,89,2,4,168,35.8
2010,2,25,1100,14.7,18,91,4,7,166,36.2
2010,2,25,1200,14.6,22,90,4,8,170,36
2010,2,25,1300,14.6,24,85,5,10,190,35.9
2010,2,25,1400,14.6,21,90,6,11,207,35.4
2010,2,25,1500,14.6,23,85,8,17,214,35.1
2010,2,25,1600,14.7,21,89,10,19,217,35.2
2010,2,25,1700,14.6,18,92,7,12,195,35
2010,2,25,1800,14.1,16,93,8,12,174,35.3
2010,2,25,1900,13.9,15,93,7,13,165,35.2
2010,2,25,2000,13.7,14,93,5,9,165,35.3
2010,2,25,2100,13.6,14,93,5,8,166,35.7
2010,2,25,2200,13.4,13,92,4,7,166,35.9
2010,2,25,2300,13.3,13,92,4,6,166,34.4
2010,2,25,2400,13.2,13,92,4,6,166,36.1
2010,2,26,100,13.2,13,92,4,6,166,36.3
2010,2,26,200,13.1,13,92,7,12,165,36.5
2010,2,26,300,13.1,13,91,6,12,165,36.8
2010,2,26,400,13.1,13,92,7,12,164,37.6
2010,2,26,500,13,14,92,7,13,164,38.1
2010,2,26,600,13,13,92,7,12,163,38.4
2010,2,26,700,13,13,92,7,12,163,38.9
2010,2,26,800,13.1,14,92,6,15,163,39
2010,2,26,900,14.2,15,90,8,14,162,37.5
2010,2,26,1000,14.8,16,88,7,11,162,37
2010,2,26,1100,14.9,18,87,8,13,161,37.3
2010,2,26,1200,14.7,19,86,9,16,163,39
2010,2,26,1300,14.8,22,85,7,13,173,38.2
2010,2,26,1400,14.6,22,85,8,15,187,38.1
2010,2,26,1500,14.8,19,87,11,19,196,37.3
2010,2,26,1600,14.8,18,90,13,19,185,36.5
2010,2,26,1700,14.9,18,89,11,20,172,36.5
2010,2,26,1800,14.3,16,92,9,18,169,36.6
2010,2,26,1900,14,17,93,9,16,165,36.8
2010,2,26,2000,13.8,17,93,13,22,163,37.8
2010,2,26,2100,13.6,17,93,10,16,163,38.7
2010,2,26,2200,13.5,17,92,8,17,163,39.5
2010,2,26,2300,13.4,17,92,5,11,163,40.1
2010,2,26,2400,13.3,18,91,5,11,164,39.2
2010,2,27,100,13.2,18,89,6,15,167,39.8
2010,2,27,200,13.2,17,86,6,17,176,41.4
2010,2,27,300,13.1,18,84,7,16,192,43.2
2010,2,27,400,13.1,19,79,9,19,209,45.6
2010,2,27,500,13.1,20,68,7,13,219,46.1
2010,2,27,600,13,21,53,6,11,227,46.5
2010,2,27,700,13,23,39,6,10,237,45.7
2010,2,27,800,13.1,23,35,6,12,241,46.2
2010,2,27,900,13.7,24,36,8,13,246,46.8
2010,2,27,1000,14.7,25,34,6,11,252,45.7
2010,2,27,1100,14.6,27,36,5,11,276,45
2010,2,27,1200,14.5,27,42,8,16,303,43.6
2010,2,27,1300,14.5,29,46,10,21,311,36.8
2010,2,27,1400,14.5,31,46,11,20,309,35.1
2010,2,27,1500,14.5,30,52,10,18,311,34.1
2010,2,27,1600,14.6,27,67,9,15,280,33.8
2010,2,27,1700,14.7,25,69,9,15,220,34.5
2010,2,27,1800,14.2,25,70,8,12,200,35.2
2010,2,27,1900,13.9,24,67,6,13,190,34.8
2010,2,27,2000,13.7,21,87,9,17,182,34.5
2010,2,27,2100,13.6,24,72,5,9,174,34
2010,2,27,2200,13.4,23,72,4,10,177,33.8
2010,2,27,2300,13.3,24,67,2,5,179,33.7
2010,2,27,2400,13.2,24,65,2,8,182,33.9
2010,2,28,100,13.2,24,68,7,14,184,34.5
2010,2,28,200,13.1,25,62,5,11,184,34.7
2010,2,28,300,13.1,25,61,3,7,186,34.9
2010,2,28,400,13.1,25,63,2,7,190,35
2010,2,28,500,13,23,68,2,6,189,34.9
2010,2,28,600,13,22,73,2,3,183,35
2010,2,28,700,13,22,74,3,8,174,34.9
2010,2,28,800,14.7,24,69,6,9,182,35.3
2010,2,28,900,14.5,27,62,6,10,230,36.1
2010,2,28,1000,14.4,29,61,6,11,265,36.5
2010,2,28,1100,14.4,36,50,6,10,293,36.2
2010,2,28,1200,14.3,37,47,4,11,308,35.7
2010,2,28,1300,14.4,33,57,4,9,304,34.8
2010,2,28,1400,14.4,32,60,3,7,276,34.7
2010,2,28,1500,14.5,32,58,2,8,264,34.7
2010,2,28,1600,14.5,30,58,5,12,258,34.6
2010,2,28,1700,14.6,30,61,5,13,236,34.1
2010,2,28,1800,14.2,27,67,6,14,216,33.7
2010,2,28,1900,13.9,25,77,3,10,195,33.5
2010,2,28,2000,13.7,25,74,5,13,181,33.8
2010,2,28,2100,13.6,25,69,7,11,181,34.3
2010,2,28,2200,13.4,25,67,3,9,182,34.6
2010,2,28,2300,13.3,23,76,4,8,174,34.8
2010,2,28,2400,13.3,23,75,4,9,174,35.2
2010,3,1,100,13.2,22,78,4,8,173,35.4
2010,3,1,200,13.1,22,79,7,12,172,35.7
2010,3,1,300,13.1,22,78,5,10,171,35.7
2010,3,1,400,13.1,21,81,1,5,170,35.7
2010,3,1,500,13.1,21,82,1,2,171,35.6
2010,3,1,600,13,21,82,1,4,169,35.6
2010,3,1,700,13,19,83,1,3,170,35.7
2010,3,1,800,14.7,23,74,1,2,178,36.5
2010,3,1,900,14.4,29,51,2,4,218,37.3
2010,3,1,1000,14.2,30,61,2,3,272,37.5
2010,3,1,1100,14.1,32,55,3,7,301,36.5
2010,3,1,1200,14.2,34,53,4,8,319,35
2010,3,1,1300,14.3,33,55,5,12,322,34.6
2010,3,1,1400,14.4,34,54,7,12,316,34.3
2010,3,1,1500,14.4,35,55,7,14,312,33.6
2010,3,1,1600,14.4,32,60,8,14,302,32.4
2010,3,1,1700,14.5,31,63,8,14,272,31.3
2010,3,1,1800,14.2,26,76,7,12,232,29.9
2010,3,1,1900,13.9,25,75,7,12,190,29.7
2010,3,1,2000,13.7,24,77,8,14,177,29.8
2010,3,1,2100,13.6,23,77,6,12,176,30
2010,3,1,2200,13.4,23,75,6,10,177,29.4
2010,3,1,2300,13.3,22,77,5,8,177,29
2010,3,1,2400,13.2,21,78,5,10,177,30.8
2010,3,2,100,13.2,23,76,6,11,176,34.1
2010,3,2,200,13.1,22,81,5,11,176,35.2
2010,3,2,300,13.1,22,82,5,10,175,35.7
2010,3,2,400,13.1,21,81,6,11,174,35.7
2010,3,2,500,13.1,21,80,6,12,174,35.6
2010,3,2,600,13,20,83,9,15,175,35.8
2010,3,2,700,13,20,83,5,10,174,35.8
2010,3,2,800,14.7,22,77,4,10,178,35.9
2010,3,2,900,14.6,25,68,6,11,204,38.1
2010,3,2,1000,14.6,27,61,7,15,238,36
2010,3,2,1100,14.5,28,56,10,18,253,34.3
2010,3,2,1200,14.5,31,54,10,18,267,32.3
2010,3,2,1300,14.4,31,52,12,20,276,31.9
2010,3,2,1400,14.5,31,54,12,22,270,34.2
2010,3,2,1500,14.6,30,58,11,20,262,33.7
2010,3,2,1600,14.6,29,64,11,18,243,33.9
2010,3,2,1700,14.7,27,67,10,16,218,33.3
2010,3,2,1800,14.2,27,67,11,19,202,32
2010,3,2,1900,13.9,26,68,9,16,192,31.5
2010,3,2,2000,13.7,27,68,10,22,188,31.8
2010,3,2,2100,13.6,26,71,10,19,186,32.3
2010,3,2,2200,13.4,25,74,8,15,182,33.1
2010,3,2,2300,13.3,25,79,8,15,178,33.6
2010,3,2,2400,13.3,25,84,8,16,174,33.8
2010,3,3,100,13.2,24,84,8,16,173,34
2010,3,3,200,13.1,24,89,6,12,173,34
2010,3,3,300,13.1,23,97,4,9,173,34
2010,3,3,400,13.1,23,97,5,10,173,33.7
2010,3,3,500,13.1,23,97,7,14,172,33.6
2010,3,3,600,13,23,97,8,15,172,33.7
2010,3,3,700,13,23,96,7,16,170,34.1
2010,3,3,800,13.1,23,96,4,7,170,34.2
2010,3,3,900,13.5,24,96,4,8,168,34.3
2010,3,3,1000,14.3,24,96,8,16,167,32.1
2010,3,3,1100,14.7,25,96,11,19,165,33.9
2010,3,3,1200,14.7,26,95,13,22,164,33.8
2010,3,3,1300,14.7,26,95,11,17,164,33.1
2010,3,3,1400,14.7,26,95,10,19,165,33.3
2010,3,3,1500,14.7,26,95,12,18,164,30.8
2010,3,3,1600,14.8,27,95,11,17,162,33.2
2010,3,3,1700,14.7,25,96,10,17,161,32.9
2010,3,3,1800,14.1,25,97,10,19,160,33
2010,3,3,1900,13.9,25,97,8,14,160,33.7
2010,3,3,2000,13.7,25,97,5,11,160,33.1
2010,3,3,2100,13.5,24,96,6,13,160,33.6
2010,3,3,2200,13.4,24,96,4,11,159,33.9
2010,3,3,2300,13.3,23,96,4,8,159,34
2010,3,3,2400,13.2,22,96,4,9,158,34.2
2010,3,4,100,13.2,22,96,4,7,158,34.2
2010,3,4,200,13.1,22,97,4,7,157,34.6
2010,3,4,300,13.1,21,96,4,6,156,34.6
2010,3,4,400,13.1,22,95,3,5,155,34.7
2010,3,4,500,13.1,22,94,4,8,153,34.8
2010,3,4,600,13,22,93,6,11,153,34.8
2010,3,4,700,13.1,22,92,8,11,153,34.8
2010,3,4,800,13.6,24,88,7,12,153,34.5
2010,3,4,900,14.6,25,85,8,13,162,33.7
2010,3,4,1000,14.6,29,82,7,11,177,33.7
2010,3,4,1100,14.5,31,73,6,10,198,33.2
2010,3,4,1200,14.3,31,67,6,11,242,33.4
2010,3,4,1300,14.4,36,53,6,11,275,35.3
2010,3,4,1400,14.3,35,54,5,9,296,35.9
2010,3,4,1500,14.3,36,47,4,10,297,36.1
2010,3,4,1600,14.4,33,49,3,9,301,35.8
2010,3,4,1700,14.5,33,57,2,7,290,34.8
2010,3,4,1800,14.1,30,63,7,18,256,34
2010,3,4,1900,13.9,29,68,11,16,205,33.7
2010,3,4,2000,13.7,26,82,8,19,190,33.4
2010,3,4,2100,13.5,25,90,8,16,173,32.9
2010,3,4,2200,13.4,25,91,12,20,170,32.8
2010,3,4,2300,13.3,25,91,11,20,166,32.8
2010,3,4,2400,13.2,25,90,12,20,165,32.9
2010,3,5,100,13.2,24,95,10,18,165,32.8
2010,3,5,200,13.1,24,96,10,17,165,33.3
2010,3,5,300,13.1,24,89,10,18,164,33.5
2010,3,5,400,13.1,24,88,8,14,163,33.6
2010,3,5,500,13.1,24,87,7,13,162,34.3
2010,3,5,600,13,24,89,6,11,161,31.9
2010,3,5,700,13,23,88,6,11,161,31.3
2010,3,5,800,14.8,24,85,6,15,161,32.5
2010,3,5,900,14.6,25,82,10,17,161,33.7
2010,3,5,1000,14.6,31,69,11,19,165,34.1
2010,3,5,1100,14.4,31,66,4,9,218,34.9
2010,3,5,1200,14.4,32,63,4,10,239,35.6
2010,3,5,1300,14.3,32,76,4,11,228,35.1
2010,3,5,1400,14.4,30,80,5,9,220,34
2010,3,5,1500,14.4,30,82,3,8,207,30.8
2010,3,5,1600,14.5,29,81,4,8,203,33.2
2010,3,5,1700,14.6,30,78,6,11,197,31.9
2010,3,5,1800,14.3,26,83,5,10,192,33.2
2010,3,5,1900,14,23,96,4,6,173,33.4
2010,3,5,2000,13.8,25,88,6,13,164,34.1
2010,3,5,2100,13.6,23,96,1,5,165,34.4
2010,3,5,2200,13.4,22,97,3,9,163,34
2010,3,5,2300,13.3,23,96,2,6,162,33.9
2010,3,5,2400,13.3,25,86,2,5,163,34.5
2010,3,6,100,13.2,24,84,2,5,162,35.1
2010,3,6,200,13.2,23,87,4,8,161,35.4
2010,3,6,300,13.1,23,89,4,7,161,35.3
2010,3,6,400,13.1,22,88,3,6,162,35.3
2010,3,6,500,13.1,23,88,5,9,162,35.5
2010,3,6,600,13.1,22,89,5,9,161,35.5
2010,3,6,700,13.1,20,96,7,13,161,34.7
2010,3,6,800,14.7,21,94,7,11,161,34.8
2010,3,6,900,14.6,23,88,6,10,173,35.3
2010,3,6,1000,14.4,25,79,4,9,232,36.3
2010,3,6,1100,14.3,30,68,4,10,269,37.5
2010,3,6,1200,14.2,32,66,3,7,287,41.4
2010,3,6,1300,14.3,40,45,6,10,280,41.4
2010,3,6,1400,14.3,41,41,4,8,296,44
2010,3,6,1500,14.3,34,55,6,13,294,41.8
2010,3,6,1600,14.4,35,53,8,14,280,40.2
2010,3,6,1700,14.4,33,57,7,14,273,38.2
2010,3,6,1800,14.2,30,64,6,10,233,36.2
2010,3,6,1900,13.9,28,65,5,9,201,35.2
2010,3,6,2000,13.7,28,56,4,8,194,35.1
2010,3,6,2100,13.5,28,59,2,5,197,35
2010,3,6,2200,13.4,28,59,3,5,195,34.7
2010,3,6,2300,13.3,28,59,4,5,192,34.9
2010,3,6,2400,13.2,27,63,4,6,187,36.3
2010,3,7,100,13.2,26,69,3,5,184,36.6
2010,3,7,200,13.1,26,69,3,5,180,37.8
2010,3,7,300,13.1,24,72,3,7,176,39.1
2010,3,7,400,13.1,26,71,5,9,174,39.9
2010,3,7,500,13.1,26,72,3,7,173,37.5
2010,3,7,600,13,25,73,3,6,172,37
2010,3,7,700,13.1,24,77,2,5,170,37
2010,3,7,800,14.9,26,70,2,5,175,37.3
2010,3,7,900,14.5,28,67,4,8,200,35.6
2010,3,7,1000,14.3,31,64,6,10,228,35.3
2010,3,7,1100,14.3,33,54,6,11,256,36.8
2010,3,7,1200,14.2,36,45,6,11,288,38.2
2010,3,7,1300,14.3,36,41,7,14,303,39.2
2010,3,7,1400,14.4,35,44,10,16,300,41
2010,3,7,1500,14.4,34,42,9,15,295,37.8
2010,3,7,1600,14.4,33,47,9,16,292,37.5
2010,3,7,1700,14.6,31,50,8,17,275,37.4
2010,3,7,1800,14.1,28,50,9,16,255,36.7
2010,3,7,1900,13.8,26,56,9,15,230,36.3
2010,3,7,2000,13.7,25,59,8,13,212,34.9
2010,3,7,2100,13.5,24,70,8,12,197,34.2
2010,3,7,2200,13.4,22,84,10,16,180,35.4
2010,3,7,2300,13.3,21,93,9,15,167,35.6
2010,3,7,2400,13.2,20,96,8,12,168,35.4
2010,3,8,100,13.2,20,96,5,9,167,35.1
2010,3,8,200,13.1,20,96,4,6,168,35
2010,3,8,300,13.1,20,91,4,5,169,35.2
2010,3,8,400,13.1,17,95,2,4,169,34.5
2010,3,8,500,13.1,18,96,2,5,169,34.8
2010,3,8,600,13,18,96,3,4,169,34.7
2010,3,8,700,13,19,95,2,6,169,35
2010,3,8,800,13.5,20,94,2,6,169,34.9
2010,3,8,900,14.8,22,91,3,8,168,33.8
2010,3,8,1000,14.7,22,91,5,11,167,33.9
2010,3,8,1100,14.7,23,87,7,12,170,34.3
2010,3,8,1200,14.6,26,70,5,10,184,34.7
2010,3,8,1300,14.6,25,80,7,15,206,35.1
2010,3,8,1400,14.6,24,87,8,16,193,35.3
2010,3,8,1500,14.7,24,89,9,15,178,35.2
2010,3,8,1600,14.7,24,84,10,16,175,35.2
2010,3,8,1700,14.7,24,75,9,15,177,35.3
2010,3,8,1800,14.4,23,78,8,15,180,35.1
2010,3,8,1900,14,21,85,9,15,172,34.4
2010,3,8,2000,13.8,20,86,7,12,165,34.8
2010,3,8,2100,13.6,20,86,6,12,166,35.2
2010,3,8,2200,13.5,19,87,5,9,167,35.3
2010,3,8,2300,13.4,19,87,3,8,167,35.2
2010,3,8,2400,13.3,19,90,3,5,167,35.3
2010,3,9,100,13.2,21,88,4,8,166,35.4
2010,3,9,200,13.2,21,86,2,5,166,35.4
2010,3,9,300,13.1,21,86,3,7,166,35.4
2010,3,9,400,13.1,21,86,2,6,166,35.3
2010,3,9,500,13.1,21,82,2,4,165,35.1
2010,3,9,600,13,20,85,2,6,165,35.3
2010,3,9,700,13.1,20,86,5,11,164,35.3
2010,3,9,800,14.8,21,84,9,15,165,34.6
2010,3,9,900,14.7,22,82,7,15,174,33.6
2010,3,9,1000,14.6,27,71,5,12,209,33.9
2010,3,9,1100,14.6,29,64,6,10,229,34.5
2010,3,9,1200,14.3,33,53,4,9,262,37.3
2010,3,9,1300,14.3,32,52,9,16,283,48
2010,3,9,1400,14.4,30,55,9,16,289,49.5
2010,3,9,1500,14.4,31,54,10,17,280,45.2
2010,3,9,1600,14.5,27,71,11,18,260,36.4
2010,3,9,1700,14.7,23,91,11,19,204,32.7
2010,3,9,1800,14.2,21,95,10,18,173,32.2
2010,3,9,1900,13.9,18,95,8,13,163,32.1
2010,3,9,2000,13.7,17,94,8,12,165,33.4
2010,3,9,2100,13.6,15,93,7,11,166,34.2
2010,3,9,2200,13.4,15,93,7,12,167,34.2
2010,3,9,2300,13.3,14,93,7,10,166,34.1
2010,3,9,2400,13.2,14,93,8,13,167,34.3
2010,3,10,100,13.2,13,92,7,13,167,34.2
2010,3,10,200,13.1,10,91,5,8,169,34.2
2010,3,10,300,13.1,9,90,5,7,171,35.8
2010,3,10,400,13.1,8,91,5,7,173,37.3
2010,3,10,500,13,7,90,4,7,174,38.5
2010,3,10,600,13,7,90,3,6,174,39
2010,3,10,700,13.1,5,90,2,4,176,38.8
2010,3,10,800,14.9,8,90,2,5,178,38.8
2010,3,10,900,14.6,15,91,0,3,194,36.2
2010,3,10,1000,14.7,15,90,0,0,186,34.5
2010,3,10,1100,14.6,21,86,0,0,191,34
2010,3,10,1200,14.5,24,80,2,10,219,32.4
2010,3,10,1300,14.4,28,76,4,9,259,39.1
2010,3,10,1400,14.3,28,76,3,8,289,46.1
2010,3,10,1500,14.5,19,79,4,10,290,44.7
2010,3,10,1600,14.7,21,68,8,14,254,33.5
2010,3,10,1700,14.7,18,70,5,13,256,32.5
2010,3,10,1800,14.3,15,83,3,9,237,32.6
2010,3,10,1900,14,14,75,3,9,215,33
2010,3,10,2000,13.8,14,76,3,14,206,33.1
2010,3,10,2100,13.6,13,75,3,6,196,32.5
2010,3,10,2200,13.5,13,74,4,10,192,32.8
2010,3,10,2300,13.4,12,76,3,7,191,32.8
2010,3,10,2400,13.3,10,90,4,7,188,32.6
2010,3,11,100,13.2,8,91,4,7,184,32.9
2010,3,11,200,13.1,9,90,3,7,183,32.9
2010,3,11,300,13.1,8,92,2,4,186,33
2010,3,11,400,13.1,6,94,2,4,190,33
2010,3,11,500,13,6,91,3,6,188,33.8
2010,3,11,600,13,5,90,3,6,181,33.3
2010,3,11,700,13,5,90,2,5,179,34.3
2010,3,11,800,13.6,8,89,4,8,179,36.5
2010,3,11,900,15,10,88,5,10,177,37.8
2010,3,11,1000,14.9,14,79,4,7,176,39.5
2010,3,11,1100,14.8,18,74,7,11,185,33.6
2010,3,11,1200,14.6,17,74,7,13,234,32.5
2010,3,11,1300,14.6,18,75,9,15,226,33.2
2010,3,11,1400,14.7,20,71,9,15,213,33.1
2010,3,11,1500,14.7,17,73,12,20,227,31.6
2010,3,11,1600,14.7,16,77,11,18,226,32.9
2010,3,11,1700,14.8,15,82,10,17,209,33.6
2010,3,11,1800,14.6,12,89,9,14,195,33.2
2010,3,11,1900,14.1,11,94,8,14,180,32.7
2010,3,11,2000,13.9,11,93,8,15,171,33.3
2010,3,11,2100,13.7,11,92,8,15,171,33.8
2010,3,11,2200,13.5,12,93,7,14,171,34.2
2010,3,11,2300,13.4,12,92,7,12,170,34.4
2010,3,11,2400,13.3,12,93,7,14,169,34.6
2010,3,12,100,13.2,12,92,7,13,168,34.5
2010,3,12,200,13.2,12,92,7,15,168,35.3
2010,3,12,300,13.1,12,92,7,15,168,36
2010,3,12,400,13.1,11,92,6,14,167,36.8
2010,3,12,500,13,11,92,3,7,167,35.5
2010,3,12,600,13,11,92,3,7,168,35.6
2010,3,12,700,13.1,11,92,3,7,168,36.4
2010,3,12,800,15,14,92,4,7,168,36
2010,3,12,900,14.8,15,91,3,7,167,34.7
2010,3,12,1000,14.6,18,91,6,11,169,34
2010,3,12,1100,14.5,20,83,8,14,205,33.1
2010,3,12,1200,14.5,24,66,8,15,240,32.5
2010,3,12,1300,14.4,25,61,7,13,265,32.5
2010,3,12,1400,14.6,27,57,9,17,260,33.1
2010,3,12,1500,14.5,28,58,8,14,257,33.7
2010,3,12,1600,14.5,27,61,10,19,249,34
2010,3,12,1700,14.6,25,67,9,16,240,34
2010,3,12,1800,14.3,24,69,9,16,209,33
2010,3,12,1900,14,24,66,9,19,193,32.4
2010,3,12,2000,13.8,24,67,10,19,187,32.3
2010,3,12,2100,13.6,22,68,7,18,185,32.2
2010,3,12,2200,13.5,23,68,4,10,184,32.2
2010,3,12,2300,13.4,24,67,7,16,182,32.5
2010,3,12,2400,13.3,24,69,8,16,181,33.5
2010,3,13,100,13.2,25,60,8,16,182,33.9
2010,3,13,200,13.1,24,59,5,12,189,34.2
2010,3,13,300,13.1,25,57,4,10,191,34.5
2010,3,13,400,13.1,25,56,6,12,195,34.8
2010,3,13,500,13.1,25,57,9,19,199,34.9
2010,3,13,600,13,24,60,9,16,198,34.6
2010,3,13,700,13,22,65,7,13,193,34.2
2010,3,13,800,14.7,24,65,8,18,193,34
2010,3,13,900,14.6,27,61,5,11,199,33.5
2010,3,13,1000,14.5,31,55,4,7,214,33.2
2010,3,13,1100,14.5,27,76,5,10,218,33.2
2010,3,13,1200,14.5,28,79,5,9,204,33.5
2010,3,13,1300,14.4,29,78,3,7,216,34.3
2010,3,13,1400,14.4,30,74,2,5,214,34.2
2010,3,13,1500,14.4,31,78,2,6,218,34.5
2010,3,13,1600,14.5,28,79,2,8,207,34.7
2010,3,13,1700,14.6,28,86,4,9,201,33.7
2010,3,13,1800,14.2,25,90,8,19,185,33.2
2010,3,13,1900,14,24,88,14,25,169,33.4
2010,3,13,2000,13.8,22,87,20,36,166,33.7
2010,3,13,2100,13.6,22,87,22,33,162,34.8
2010,3,13,2200,13.4,22,82,22,35,162,34.3
2010,3,13,2300,13.3,22,83,22,33,164,35.6
2010,3,13,2400,13.3,21,82,20,30,163,34.2
2010,3,14,100,13.2,22,78,20,32,164,35.8
2010,3,14,200,13.1,22,78,15,27,165,34.8
2010,3,14,300,13.1,21,81,14,23,166,35.2
2010,3,14,500,13.1,20,88,12,23,163,35.1
2010,3,14,600,13.1,20,85,12,20,158,33.8
2010,3,14,700,13,20,81,13,21,161,34.1
2010,3,14,800,14.8,20,79,12,19,164,32.9
2010,3,14,900,14.8,21,76,12,21,180,35
2010,3,14,1000,14.6,23,71,10,21,214,35
2010,3,14,1100,14.5,26,63,8,18,240,35.4
2010,3,14,1200,14.4,29,58,8,19,262,35.7
2010,3,14,1300,14.4,30,54,9,20,281,36.5
2010,3,14,1400,14.4,33,51,9,15,287,36.9
2010,3,14,1500,14.3,36,43,5,13,298,36.5
2010,3,14,1600,14.3,42,42,4,11,306,37.2
2010,3,14,1700,14.3,39,39,3,10,308,37.4
2010,3,14,1800,14.4,36,44,5,9,301,36.4
2010,3,14,1900,14.5,35,47,4,9,282,35.6
2010,3,14,2000,14,30,60,2,5,238,34.8
2010,3,14,2100,13.8,30,65,3,5,186,34.3
2010,3,14,2200,13.6,26,72,3,5,176,34.1
2010,3,14,2300,13.4,27,72,3,6,171,34
2010,3,14,2400,13.3,26,74,2,3,170,33.8
2010,3,15,100,13.3,25,79,2,3,172,34.5
2010,3,15,200,13.2,24,81,1,3,171,35.7
2010,3,15,300,13.2,24,78,1,3,167,35.8
2010,3,15,400,13.1,24,79,2,4,167,36.2
2010,3,15,500,13.1,24,77,1,4,166,36.3
2010,3,15,600,13.1,23,82,2,3,167,36.2
2010,3,15,700,13.1,20,98,1,3,168,36
2010,3,15,800,14.9,23,80,2,4,167,36
2010,3,15,900,14.6,27,62,2,6,178,37.6
2010,3,15,1000,14.3,35,53,2,4,219,36.5
2010,3,15,1100,14.2,37,53,3,5,277,33.6
2010,3,15,1200,14.1,35,58,3,6,290,34.5
2010,3,15,1300,14.1,37,54,4,7,298,36
2010,3,15,1400,14.1,37,54,5,9,307,36.4
2010,3,15,1500,14.3,37,49,6,12,304,37.2
2010,3,15,1600,14.3,38,47,6,15,305,37.9
2010,3,15,1700,14.4,37,48,7,12,300,36.2
2010,3,15,1800,14.4,35,51,7,12,283,34
2010,3,15,1900,14.3,31,56,6,11,258,33.5
2010,3,15,2000,13.9,28,68,3,7,227,32.8
2010,3,15,2100,13.7,28,64,4,7,201,32.7
2010,3,15,2200,13.6,28,58,4,6,192,33.5
2010,3,15,2300,13.4,29,42,3,7,201,35.4
2010,3,15,2400,13.3,27,52,4,9,213,36.4
2010,3,16,100,13.2,28,58,5,9,199,36.5
2010,3,16,200,13.2,27,46,5,7,201,38.2
2010,3,16,300,13.1,26,55,4,6,208,39.5
2010,3,16,400,13.1,25,59,4,7,201,41.7
2010,3,16,500,13.1,24,64,4,7,195,41.7
2010,3,16,600,13.1,24,71,3,6,190,40.4
2010,3,16,700,13,24,73,2,5,185,40.7
2010,3,16,800,13.3,25,67,2,4,183,40.3
2010,3,16,900,14.6,29,55,2,5,193,35.9
2010,3,16,1000,14.4,32,46,2,6,237,33.2
2010,3,16,1100,14.3,32,41,6,12,293,31.6
2010,3,16,1200,14.3,35,38,8,13,309,33
2010,3,16,1300,14.3,36,37,10,18,315,35.5
2010,3,16,1400,14.3,36,46,11,20,311,37.8
2010,3,16,1500,14.4,36,42,12,19,300,37
2010,3,16,1600,14.4,36,38,13,20,306,35.3
2010,3,16,1700,14.4,36,38,12,19,306,32.1
2010,3,16,1800,14.5,33,39,11,18,299,31.9
2010,3,16,1900,14.6,31,46,8,16,281,31.8
2010,3,16,2000,13.9,29,46,6,13,253,31.9
2010,3,16,2100,13.7,29,51,8,16,237,32.7
2010,3,16,2200,13.6,27,60,7,14,222,34.3
2010,3,16,2300,13.4,28,66,4,9,210,35.9
2010,3,16,2400,13.3,27,72,3,5,200,36.3
2010,3,17,100,13.2,27,74,3,6,190,37.8
2010,3,17,200,13.2,27,74,5,10,182,38.9
2010,3,17,300,13.1,27,75,5,11,176,36.3
2010,3,17,400,13.1,27,73,4,11,178,37.6
2010,3,17,500,13.1,27,68,5,11,178,39.6
2010,3,17,600,13.1,26,68,6,10,180,40.2
2010,3,17,700,13,26,70,4,9,185,42.5
2010,3,17,800,13.9,26,73,4,7,184,44.1
2010,3,17,900,14.5,30,66,3,6,197,34.2
2010,3,17,1000,14.3,32,65,3,6,246,28.6
2010,3,17,1100,14.3,33,66,6,11,269,30
2010,3,17,1200,14.2,36,62,7,12,275,31.8
2010,3,17,1300,14.3,38,57,7,14,272,37.5
2010,3,17,1400,14.3,38,55,9,15,270,44.7
2010,3,17,1500,14.4,40,49,11,17,277,50.5
2010,3,17,1600,14.4,40,52,11,20,276,48.8
2010,3,17,1700,14.3,39,50,10,17,275,38.5
2010,3,17,1800,14.4,37,54,10,17,264,43.8
2010,3,17,1900,14.4,34,61,10,18,237,30.3
2010,3,17,2000,13.9,32,62,7,14,211,28.2
2010,3,17,2100,13.7,31,63,5,10,201,33.7
2010,3,17,2200,13.6,30,67,4,8,197,36
2010,3,17,2300,13.4,30,68,5,11,189,37.2
2010,3,17,2400,13.3,31,67,10,22,188,35.8
2010,3,18,100,13.2,31,69,10,18,190,36.1
2010,3,18,200,13.2,29,73,4,15,186,44.2
2010,3,18,300,13.1,29,75,4,8,182,46
2010,3,18,400,13.1,28,75,4,8,180,47.1
2010,3,18,500,13.1,25,82,5,12,178,46.5
2010,3,18,600,13.1,25,80,2,6,177,46.4
2010,3,18,700,13,18,91,5,11,178,47.2
2010,3,18,800,13.1,16,91,5,12,179,45.3
2010,3,18,900,14.9,18,85,4,12,180,42.3
2010,3,18,1000,14.6,22,73,5,12,205,27.2
2010,3,18,1100,14.4,24,64,4,11,252,24.3
2010,3,18,1200,14.6,23,64,8,18,289,27.1
2010,3,18,1300,14.4,25,53,9,20,302,38.2
2010,3,18,1400,14.5,24,56,9,21,308,41.1
2010,3,18,1500,14.5,28,42,9,20,306,49.7
2010,3,18,1600,14.6,29,30,8,17,317,49.7
2010,3,18,1700,14.5,30,29,9,20,317,49.9
2010,3,18,1800,14.6,26,38,8,17,314,43.9
2010,3,18,1900,14.7,23,45,8,16,299,32.1
2010,3,18,2000,14,20,49,10,22,275,35
2010,3,18,2100,13.8,19,52,12,23,257,45.1
2010,3,18,2200,13.6,18,55,12,19,241,46.7
2010,3,18,2300,13.4,18,58,12,19,231,46.9
2010,3,18,2400,13.3,17,65,12,20,222,46.9
2010,3,19,100,13.3,17,67,11,18,209,46.6
2010,3,19,200,13.2,17,63,10,18,208,46.8
2010,3,19,300,13.1,16,70,8,14,209,47.5
2010,3,19,400,13.1,15,77,10,17,199,47.1
2010,3,19,500,13.1,14,86,9,15,191,46.1
2010,3,19,600,13,14,89,7,14,181,41
2010,3,19,700,13,13,92,7,14,179,36.3
2010,3,19,800,14.9,13,86,8,16,180,40.8
2010,3,19,900,14.7,17,72,7,14,185,31.9
2010,3,19,1000,14.6,18,67,6,16,247,32
2010,3,19,1100,14.7,17,65,9,17,286,38.3
2010,3,19,1200,14.8,18,64,8,15,255,33.8
2010,3,19,1300,14.7,31,36,9,13,251,26.9
2010,3,19,1400,14.6,23,59,4,13,282,33.7
2010,3,19,1500,14.7,21,50,4,13,282,32.5
2010,3,19,1600,14.6,21,53,6,14,302,32.1
2010,3,19,1700,14.6,25,46,7,15,314,44
2010,3,19,1800,14.6,21,60,8,17,313,47.9
2010,3,19,1900,14.7,20,61,8,19,275,34
2010,3,19,2000,14.1,14,75,4,12,237,35.4
2010,3,19,2100,13.9,14,75,3,9,206,44.4
2010,3,19,2200,13.7,13,77,5,9,189,46.2
2010,3,19,2300,13.5,12,78,4,7,185,46.8
2010,3,19,2400,13.4,11,74,2,5,183,47.1
2010,3,20,100,13.3,12,66,1,3,187,47.5
2010,3,20,200,13.2,11,74,2,4,193,47.6
2010,3,20,300,13.1,11,68,2,7,196,47.7
2010,3,20,400,13.1,10,73,2,7,196,47.9
2010,3,20,500,13,12,69,2,6,198,47.8
2010,3,20,600,13,12,68,4,10,197,47.9
2010,3,20,700,13,10,76,4,8,197,47.9
2010,3,20,800,15.1,12,73,4,8,195,47
2010,3,20,900,14.9,14,67,4,11,211,36.6
2010,3,20,1000,14.7,15,66,4,7,254,29.9
2010,3,20,1100,14.5,18,61,6,10,277,32.5
2010,3,20,1200,14.5,20,56,8,16,298,44.2
2010,3,20,1300,14.5,24,48,10,17,310,49.2
2010,3,20,1400,14.5,25,43,10,19,318,50.3
2010,3,20,1500,14.5,25,48,12,20,317,50.6
2010,3,20,1600,14.6,25,54,14,21,309,50.5
2010,3,20,1700,14.6,25,59,13,22,296,50.6
2010,3,20,1800,14.6,24,64,13,20,267,42.3
2010,3,20,1900,14.8,21,73,12,18,229,30.5
2010,3,20,2000,14.1,19,76,9,16,200,32.1
2010,3,20,2100,13.9,19,75,9,17,190,34.5
2010,3,20,2200,13.7,19,76,7,14,187,41.2
2010,3,20,2300,13.6,19,80,9,16,185,40.8
2010,3,20,2400,13.4,19,79,10,16,183,38
2010,3,21,100,13.3,19,78,10,19,184,36.5
2010,3,21,200,13.2,20,72,6,11,186,42.4
2010,3,21,300,13.1,18,80,6,12,188,42.1
2010,3,21,400,13.1,18,81,4,11,186,44.7
2010,3,21,500,13.1,18,81,5,14,184,43.5
2010,3,21,600,13,18,80,7,16,183,40.6
2010,3,21,700,13,17,82,6,12,184,42.1
2010,3,21,800,14.9,18,78,5,9,184,40.5
2010,3,21,900,14.9,21,67,5,10,197,31.6
2010,3,21,1000,14.6,24,61,9,16,245,33.9
2010,3,21,1100,14.5,26,57,12,20,276,44.4
2010,3,21,1200,14.4,28,53,11,19,288,50.1
2010,3,21,1300,14.4,30,51,13,24,295,51.1
2010,3,21,1400,14.4,31,48,15,28,301,51.6
2010,3,21,1500,14.5,31,49,17,29,300,51.5
2010,3,21,1600,14.5,30,52,19,30,294,51.8
2010,3,21,1700,14.6,29,55,19,30,268,51.3
2010,3,21,1800,14.6,28,61,17,34,247,50.9
2010,3,21,1900,14.3,28,62,15,28,229,50.2
2010,3,21,2000,14,28,64,15,28,219,48.6
2010,3,21,2100,13.8,28,64,16,28,218,49.1
2010,3,21,2200,13.6,27,65,18,28,212,48
2010,3,21,2300,13.5,26,67,16,28,209,47.3
2010,3,21,2400,13.4,27,59,13,27,210,46.4
2010,3,22,100,13.3,25,70,9,19,219,47.9
2010,3,22,200,13.2,24,78,7,12,204,44.2
2010,3,22,300,13.1,23,81,8,16,190,35.3
2010,3,22,400,13.1,23,80,6,12,186,34.8
2010,3,22,500,13.1,22,82,5,17,186,34.4
2010,3,22,600,13,21,90,5,9,185,34.3
2010,3,22,700,13,21,96,6,12,181,33.4
2010,3,22,800,13.1,21,96,8,18,179,32.3
2010,3,22,900,14.3,22,95,7,13,179,32
2010,3,22,1000,14.6,26,90,6,11,186,34
2010,3,22,1100,14.6,23,85,5,11,234,46.4
2010,3,22,1200,14.6,26,66,8,16,246,48.1
2010,3,22,1300,14.5,26,69,11,18,284,48.5
2010,3,22,1400,14.5,29,55,10,19,288,49.6
2010,3,22,1500,14.5,31,51,8,18,318,51.2
2010,3,22,1600,14.4,34,40,8,21,324,51
2010,3,22,1700,14.5,32,51,10,19,317,36.8
2010,3,22,1800,14.5,27,52,7,18,312,50.9
2010,3,22,1900,14.4,22,72,6,16,303,46.9
2010,3,22,2000,14,20,77,5,13,244,48.9
2010,3,22,2100,13.8,19,73,10,21,198,43.9
2010,3,22,2200,13.6,19,74,13,21,201,42.5
2010,3,22,2300,13.5,19,74,11,23,198,45.7
2010,3,22,2400,13.4,18,74,13,23,196,45.3
2010,3,23,100,13.3,18,73,15,25,195,45.5
2010,3,23,200,13.2,17,73,14,23,197,45.9
2010,3,23,300,13.1,17,74,16,27,199,45.2
2010,3,23,400,13.1,17,72,17,25,198,45.1
2010,3,23,500,13.1,16,77,9,18,199,47.5
2010,3,23,600,13,16,73,14,25,195,47.2
2010,3,23,700,13,16,72,9,27,195,48
2010,3,23,800,14.8,17,68,12,28,201,44.9
2010,3,23,900,14.7,18,66,10,18,231,33.2
2010,3,23,1000,14.6,21,57,9,21,257,26.8
2010,3,23,1100,14.5,23,52,9,19,298,27.8
2010,3,23,1200,14.4,25,45,8,16,316,22.8
2010,3,23,1300,14.4,32,36,5,12,323,29.6
2010,3,23,1400,14.3,38,29,3,10,329,47.5
2010,3,23,1500,14.4,32,40,3,10,327,49.8
2010,3,23,1600,14.5,29,42,6,15,317,46.2
2010,3,23,1700,14.5,29,40,9,15,321,51
2010,3,23,1800,14.5,28,42,8,16,320,51.3
2010,3,23,1900,14.6,25,52,7,14,306,35.3
2010,3,23,2000,14,21,59,5,12,273,45.7
2010,3,23,2100,13.8,21,56,6,12,244,48.4
2010,3,23,2200,13.6,20,61,2,5,243,49.1
2010,3,23,2300,13.5,20,57,2,5,224,49.5
2010,3,23,2400,13.4,20,58,4,8,216,49.4
2010,3,24,100,13.3,19,62,1,4,214,49.6
2010,3,24,200,13.2,19,63,2,3,219,49.6
2010,3,24,300,13.1,18,65,2,4,215,49.6
2010,3,24,400,13.1,18,67,0,2,212,49.6
